SBEDataProcessing_SAGA-CTD_example/tipo2/out2/st003.cnv
* Sea-Bird SBE 9 Data File:
* FileName = C:\Users\CTD01\Desktop\CTD_SAGA\ST003.hex
* Software Version Seasave V 7.26.7.121
* Temperature SN = 4669
* Conductivity SN = 3289
* Number of Bytes Per Scan = 37
* Number of Voltage Words = 4
* Number of Scans Averaged by the Deck Unit = 1
* NMEA Latitude = 45 00.25 S
* NMEA Longitude = 045 00.00 W
* NMEA UTC (Time) = Mar 14 2021 00:58:38
* NMEA baud rate = 9600
** Ship:Sarmiento de Gamboa
** Cruise:SAGA 10W
** Cast:  003
** Station:  003
** Depth:  5198
** Date:  14/03/2021
** Time:  00:58
# nquan = 12
# nvalues = 10736                       
# units = specified
# name 0 = scan: Scan Count
# name 1 = t090C: Temperature [ITS-90, deg C]
# name 2 = c0S/m: Conductivity [S/m]
# name 3 = t190C: Temperature, 2 [ITS-90, deg C]
# name 4 = c1S/m: Conductivity, 2 [S/m]
# name 5 = prDM: Pressure, Digiquartz [db]
# name 6 = latitude: Latitude [deg]
# name 7 = longitude: Longitude [deg]
# name 8 = timeJ: Julian Days
# name 9 = sal00: Salinity, Practical [PSU]
# name 10 = sal11: Salinity, Practical, 2 [PSU]
# name 11 = flag: flag
# span 0 =       1263,     315866       
# span 1 =     0.2828,    15.2972       
# span 2 =   3.085404,   4.268115       
# span 3 =     0.2817,    15.2963       
# span 4 =   3.085515,   4.267862       
# span 5 =      2.295,   5165.812       
# span 6 =  -45.00428,  -45.00422       
# span 7 =  -45.00016,  -45.00006       
# span 8 =  73.041326,  73.193044       
# span 9 =    34.1443,    34.8333       
# span 10 =    34.1485,    34.8357      
# span 11 = 0.0000e+00, 0.0000e+00      
# interval = seconds: 1                 
# start_time = Mar 14 2021 00:58:38 [NMEA time, header]
# bad_flag = -9.990e-29
*END*
[from data line 8903]
     258589     2.7500   3.194659     2.7483   3.194681   1696.928  -45.00426  -45.00012  73.165423    34.7141    34.7161 0.0000e+00
     258609     2.7553   3.195281     2.7497   3.194678   1696.122  -45.00426  -45.00012  73.165432    34.7164    34.7150 0.0000e+00
     258683     2.7587   3.195599     2.7586   3.195832   1695.077  -45.00424  -45.00012  73.165468    34.7171    34.7200 0.0000e+00
     258708     2.7545   3.195093     2.7561   3.195530   1694.256  -45.00424  -45.00012  73.165480    34.7158    34.7194 0.0000e+00
     258735     2.7509   3.194580     2.7495   3.194676   1693.184  -45.00424  -45.00010  73.165493    34.7140    34.7166 0.0000e+00
     258759     2.7473   3.194044     2.7452   3.194062   1691.957  -45.00425  -45.00011  73.165504    34.7119    34.7144 0.0000e+00
     258778     2.7419   3.193352     2.7399   3.193375   1690.807  -45.00426  -45.00012  73.165514    34.7099    34.7123 0.0000e+00
     258804     2.7421   3.193220     2.7408   3.193244   1689.370  -45.00426  -45.00012  73.165526    34.7088    34.7105 0.0000e+00
     258829     2.7455   3.193535     2.7439   3.193558   1688.328  -45.00425  -45.00012  73.165538    34.7094    34.7115 0.0000e+00
     258848     2.7443   3.193439     2.7436   3.193611   1687.853  -45.00424  -45.00012  73.165548    34.7098    34.7126 0.0000e+00
     258901     2.7425   3.193294     2.7419   3.193414   1687.237  -45.00424  -45.00012  73.165573    34.7103    34.7123 0.0000e+00
     258927     2.7441   3.193339     2.7428   3.193461   1686.426  -45.00424  -45.00012  73.165585    34.7096    34.7124 0.0000e+00
     258948     2.7469   3.193528     2.7456   3.193552   1685.586  -45.00424  -45.00012  73.165596    34.7093    34.7110 0.0000e+00
     258973     2.7485   3.193574     2.7475   3.193606   1684.572  -45.00425  -45.00012  73.165608    34.7086    34.7100 0.0000e+00
     258997     2.7491   3.193514     2.7478   3.193575   1683.693  -45.00426  -45.00012  73.165619    34.7078    34.7098 0.0000e+00
     259025     2.7496   3.193495     2.7491   3.193598   1682.517  -45.00426  -45.00012  73.165633    34.7075    34.7093 0.0000e+00
     259046     2.7530   3.193760     2.7542   3.193960   1681.383  -45.00426  -45.00012  73.165643    34.7077    34.7089 0.0000e+00
     259068     2.7606   3.194367     2.7608   3.194534   1680.099  -45.00426  -45.00012  73.165653    34.7076    34.7094 0.0000e+00
     259090     2.7604   3.194246     2.7594   3.194310   1678.799  -45.00426  -45.00012  73.165664    34.7070    34.7088 0.0000e+00
     259118     2.7599   3.194137     2.7596   3.194278   1677.518  -45.00424  -45.00012  73.165677    34.7068    34.7088 0.0000e+00
     259140     2.7594   3.194107     2.7575   3.194119   1676.949  -45.00424  -45.00012  73.165688    34.7073    34.7095 0.0000e+00
     259166     2.7592   3.194096     2.7578   3.194145   1676.740  -45.00424  -45.00011  73.165701    34.7075    34.7095 0.0000e+00
     259187     2.7594   3.194135     2.7553   3.193952   1676.573  -45.00424  -45.00010  73.165711    34.7078    34.7099 0.0000e+00
     259212     2.7591   3.194071     2.7554   3.193941   1676.312  -45.00424  -45.00012  73.165723    34.7074    34.7098 0.0000e+00
     259238     2.7581   3.193960     2.7563   3.193982   1675.602  -45.00424  -45.00012  73.165735    34.7076    34.7097 0.0000e+00
     259263     2.7610   3.194102     2.7601   3.194177   1674.409  -45.00424  -45.00012  73.165747    34.7068    34.7086 0.0000e+00
     259286     2.7538   3.193156     2.7483   3.192832   1672.989  -45.00424  -45.00012  73.165759    34.7038    34.7056 0.0000e+00
     259306     2.7496   3.192639     2.7485   3.192679   1671.647  -45.00426  -45.00012  73.165768    34.7025    34.7043 0.0000e+00
     259330     2.7583   3.193427     2.7522   3.193019   1670.440  -45.00426  -45.00012  73.165780    34.7035    34.7050 0.0000e+00
     259362     2.7500   3.192678     2.7512   3.192953   1669.816  -45.00426  -45.00012  73.165795    34.7036    34.7056 0.0000e+00
     259410     2.7537   3.193040     2.7527   3.193152   1669.297  -45.00424  -45.00011  73.165819    34.7042    34.7066 0.0000e+00
     259432     2.7556   3.193156     2.7576   3.193465   1668.192  -45.00424  -45.00010  73.165829    34.7041    34.7058 0.0000e+00
     259453     2.7698   3.194397     2.7696   3.194427   1666.848  -45.00424  -45.00010  73.165839    34.7048    34.7054 0.0000e+00
     259478     2.7704   3.194308     2.7687   3.194361   1665.186  -45.00424  -45.00011  73.165851    34.7039    34.7063 0.0000e+00
     259499     2.7633   3.193533     2.7625   3.193661   1663.963  -45.00424  -45.00012  73.165861    34.7026    34.7050 0.0000e+00
     259523     2.7632   3.193516     2.7627   3.193613   1662.992  -45.00424  -45.00012  73.165873    34.7030    34.7048 0.0000e+00
     259551     2.7688   3.194076     2.7662   3.193992   1662.497  -45.00424  -45.00012  73.165887    34.7041    34.7058 0.0000e+00
     259570     2.7702   3.194238     2.7676   3.194132   1662.282  -45.00424  -45.00012  73.165896    34.7047    34.7062 0.0000e+00
     259598     2.7684   3.194038     2.7676   3.194133   1661.818  -45.00424  -45.00011  73.165909    34.7044    34.7064 0.0000e+00
     259621     2.7694   3.194101     2.7676   3.194089   1661.358  -45.00424  -45.00010  73.165920    34.7044    34.7061 0.0000e+00
     259644     2.7684   3.193968     2.7674   3.194075   1660.726  -45.00424  -45.00010  73.165931    34.7042    34.7064 0.0000e+00
     259669     2.7625   3.193291     2.7617   3.193436   1659.812  -45.00424  -45.00010  73.165943    34.7026    34.7052 0.0000e+00
     259693     2.7492   3.191784     2.7458   3.191833   1658.707  -45.00424  -45.00010  73.165955    34.6991    34.7033 0.0000e+00
     259717     2.7389   3.190631     2.7378   3.190708   1657.382  -45.00424  -45.00010  73.165966    34.6968    34.6989 0.0000e+00
     259742     2.7461   3.191249     2.7432   3.191105   1656.047  -45.00424  -45.00010  73.165979    34.6973    34.6986 0.0000e+00
     259762     2.7520   3.191748     2.7502   3.191770   1655.209  -45.00424  -45.00010  73.165988    34.6974    34.6996 0.0000e+00
     259790     2.7498   3.191550     2.7475   3.191578   1654.338  -45.00424  -45.00010  73.166002    34.6978    34.7005 0.0000e+00
     259813     2.7554   3.192016     2.7505   3.191693   1653.473  -45.00424  -45.00010  73.166013    34.6979    34.6992 0.0000e+00
     259838     2.7599   3.192376     2.7578   3.192319   1652.353  -45.00424  -45.00010  73.166025    34.6980    34.6996 0.0000e+00
     259860     2.7667   3.192956     2.7644   3.192837   1651.413  -45.00424  -45.00010  73.166035    34.6983    34.6993 0.0000e+00
     259883     2.7685   3.193078     2.7712   3.193495   1650.712  -45.00424  -45.00010  73.166046    34.6982    34.7004 0.0000e+00
     259910     2.7580   3.192143     2.7640   3.192905   1650.319  -45.00424  -45.00010  73.166060    34.6982    34.7011 0.0000e+00
     259934     2.7593   3.192232     2.7596   3.192467   1649.959  -45.00424  -45.00010  73.166071    34.6981    34.7007 0.0000e+00
     259956     2.7611   3.192391     2.7615   3.192546   1649.297  -45.00424  -45.00010  73.166082    34.6985    34.7000 0.0000e+00
     259980     2.7734   3.193553     2.7763   3.193840   1648.339  -45.00424  -45.00010  73.166093    34.7000    34.7004 0.0000e+00
     260003     2.7837   3.194433     2.7842   3.194553   1647.295  -45.00424  -45.00010  73.166104    34.7001    34.7011 0.0000e+00
     260027     2.7855   3.194467     2.7845   3.194523   1646.159  -45.00424  -45.00010  73.166116    34.6992    34.7010 0.0000e+00
     260054     2.7793   3.193704     2.7759   3.193633   1644.800  -45.00424  -45.00010  73.166129    34.6972    34.7001 0.0000e+00
     260077     2.7748   3.193200     2.7740   3.193150   1643.506  -45.00424  -45.00010  73.166140    34.6966    34.6968 0.0000e+00
     260100     2.7898   3.194580     2.7907   3.194683   1642.265  -45.00424  -45.00010  73.166151    34.6980    34.6982 0.0000e+00
     260118     2.7923   3.194795     2.7915   3.194918   1641.578  -45.00424  -45.00010  73.166160    34.6983    34.7005 0.0000e+00
     260224     2.7807   3.193719     2.7785   3.193688   1641.017  -45.00424  -45.00010  73.166211    34.6978    34.6998 0.0000e+00
     260244     2.7912   3.194642     2.7896   3.194544   1639.676  -45.00424  -45.00010  73.166220    34.6985    34.6990 0.0000e+00
     260267     2.7901   3.194331     2.7869   3.194332   1637.695  -45.00424  -45.00010  73.166232    34.6969    34.7003 0.0000e+00
     260293     2.7611   3.191226     2.7576   3.191250   1635.434  -45.00424  -45.00010  73.166244    34.6913    34.6952 0.0000e+00
     260317     2.7433   3.189247     2.7386   3.189103   1633.486  -45.00424  -45.00010  73.166256    34.6873    34.6904 0.0000e+00
     260338     2.7388   3.188719     2.7426   3.189234   1632.174  -45.00424  -45.00010  73.166266    34.6863    34.6885 0.0000e+00
     260354     2.7520   3.190151     2.7624   3.191341   1631.504  -45.00424  -45.00010  73.166274    34.6899    34.6933 0.0000e+00
     260510     2.7629   3.191162     2.7614   3.191258   1630.416  -45.00424  -45.00010  73.166349    34.6911    34.6939 0.0000e+00
     260533     2.7533   3.190026     2.7516   3.190117   1628.029  -45.00424  -45.00010  73.166360    34.6888    34.6917 0.0000e+00
     260555     2.7488   3.189359     2.7473   3.189413   1625.795  -45.00424  -45.00010  73.166370    34.6866    34.6889 0.0000e+00
     260579     2.7487   3.189141     2.7468   3.189179   1623.667  -45.00424  -45.00010  73.166382    34.6851    34.6876 0.0000e+00
     260596     2.7497   3.189351     2.7517   3.189638   1622.565  -45.00424  -45.00010  73.166390    34.6871    34.6885 0.0000e+00
     260732     2.7473   3.189023     2.7465   3.189090   1622.066  -45.00424  -45.00010  73.166456    34.6859    34.6876 0.0000e+00
     260748     2.7473   3.188955     2.7464   3.189053   1620.748  -45.00424  -45.00010  73.166464    34.6858    34.6880 0.0000e+00
     260772     2.7452   3.188631     2.7439   3.188705   1618.856  -45.00424  -45.00010  73.166475    34.6851    34.6874 0.0000e+00
     260794     2.7425   3.188269     2.7398   3.188227   1617.324  -45.00424  -45.00010  73.166486    34.6843    34.6866 0.0000e+00
     260820     2.7408   3.187996     2.7365   3.187693   1615.954  -45.00424  -45.00010  73.166498    34.6835    34.6844 0.0000e+00
     260844     2.7432   3.188301     2.7421   3.188325   1615.300  -45.00424  -45.00010  73.166510    34.6850    34.6864 0.0000e+00
     260858     2.7457   3.188581     2.7418   3.188361   1615.156  -45.00424  -45.00010  73.166517    34.6857    34.6873 0.0000e+00
     260939     2.7388   3.187726     2.7370   3.187699   1614.514  -45.00424  -45.00010  73.166556    34.6831    34.6847 0.0000e+00
     260967     2.7392   3.187695     2.7370   3.187662   1613.140  -45.00424  -45.00010  73.166569    34.6830    34.6849 0.0000e+00
     260988     2.7365   3.187304     2.7335   3.187164   1611.877  -45.00424  -45.00010  73.166579    34.6817    34.6832 0.0000e+00
     261012     2.7330   3.186765     2.7317   3.186795   1610.511  -45.00424  -45.00010  73.166591    34.6796    34.6814 0.0000e+00
     261036     2.7337   3.186687     2.7322   3.186699   1609.272  -45.00424  -45.00010  73.166603    34.6786    34.6803 0.0000e+00
     261059     2.7353   3.186859     2.7346   3.186861   1608.308  -45.00424  -45.00010  73.166614    34.6794    34.6802 0.0000e+00
     261087     2.7389   3.187072     2.7406   3.187299   1607.134  -45.00424  -45.00011  73.166627    34.6787    34.6797 0.0000e+00
     261110     2.7470   3.187720     2.7475   3.187898   1606.069  -45.00424  -45.00011  73.166638    34.6785    34.6802 0.0000e+00
     261128     2.7487   3.187860     2.7492   3.188081   1605.369  -45.00424  -45.00010  73.166647    34.6787    34.6809 0.0000e+00
     261149     2.7447   3.187488     2.7431   3.187578   1605.040  -45.00424  -45.00010  73.166657    34.6787    34.6814 0.0000e+00
     261233     2.7389   3.187030     2.7373   3.187049   1604.588  -45.00424  -45.00010  73.166698    34.6795    34.6815 0.0000e+00
     261254     2.7490   3.187840     2.7484   3.187870   1603.165  -45.00424  -45.00011  73.166708    34.6793    34.6802 0.0000e+00
     261276     2.7548   3.188255     2.7538   3.188268   1601.469  -45.00424  -45.00012  73.166718    34.6790    34.6802 0.0000e+00
     261300     2.7581   3.188387     2.7568   3.188413   1599.493  -45.00424  -45.00012  73.166730    34.6781    34.6797 0.0000e+00
     261326     2.7578   3.188286     2.7556   3.188271   1597.783  -45.00424  -45.00012  73.166742    34.6780    34.6802 0.0000e+00
     261347     2.7549   3.188046     2.7536   3.188090   1596.922  -45.00424  -45.00012  73.166753    34.6787    34.6805 0.0000e+00
     261394     2.7506   3.187644     2.7504   3.187854   1596.658  -45.00424  -45.00010  73.166775    34.6785    34.6812 0.0000e+00
     261419     2.7487   3.187549     2.7515   3.187890   1596.534  -45.00424  -45.00010  73.166787    34.6794    34.6806 0.0000e+00
     261445     2.7487   3.187516     2.7483   3.187624   1595.792  -45.00424  -45.00010  73.166800    34.6794    34.6811 0.0000e+00
     261469     2.7520   3.187727     2.7508   3.187779   1594.843  -45.00424  -45.00010  73.166811    34.6789    34.6808 0.0000e+00
     261489     2.7529   3.187784     2.7515   3.187798   1594.111  -45.00424  -45.00012  73.166821    34.6790    34.6807 0.0000e+00
     261511     2.7554   3.187909     2.7548   3.188018   1593.324  -45.00424  -45.00012  73.166832    34.6782    34.6802 0.0000e+00
     261539     2.7564   3.187913     2.7541   3.187860   1592.290  -45.00424  -45.00012  73.166845    34.6778    34.6796 0.0000e+00
     261568     2.7509   3.187263     2.7483   3.187173   1590.913  -45.00424  -45.00012  73.166859    34.6764    34.6781 0.0000e+00
     261589     2.7490   3.186981     2.7478   3.187030   1589.751  -45.00424  -45.00012  73.166869    34.6755    34.6775 0.0000e+00
     261612     2.7491   3.186899     2.7479   3.186966   1588.490  -45.00424  -45.00012  73.166880    34.6751    34.6772 0.0000e+00
     261635     2.7491   3.186831     2.7480   3.186891   1587.286  -45.00424  -45.00012  73.166891    34.6749    34.6768 0.0000e+00
     261661     2.7492   3.186816     2.7486   3.186933   1586.358  -45.00424  -45.00012  73.166904    34.6751    34.6771 0.0000e+00
     261686     2.7492   3.186819     2.7481   3.186875   1586.013  -45.00424  -45.00012  73.166916    34.6753    34.6772 0.0000e+00
     261730     2.7493   3.186820     2.7481   3.186918   1585.795  -45.00424  -45.00012  73.166937    34.6753    34.6777 0.0000e+00
     261756     2.7496   3.186805     2.7484   3.186886   1584.828  -45.00424  -45.00012  73.166950    34.6753    34.6776 0.0000e+00
     261781     2.7502   3.186729     2.7491   3.186791   1583.453  -45.00424  -45.00012  73.166962    34.6744    34.6764 0.0000e+00
     261805     2.7522   3.186792     2.7511   3.186817   1582.098  -45.00424  -45.00010  73.166973    34.6737    34.6752 0.0000e+00
     261831     2.7547   3.186932     2.7528   3.186936   1580.846  -45.00424  -45.00010  73.166986    34.6734    34.6755 0.0000e+00
     261851     2.7535   3.186827     2.7501   3.186757   1580.125  -45.00424  -45.00010  73.166996    34.6738    34.6765 0.0000e+00
     261874     2.7529   3.186747     2.7510   3.186765   1579.599  -45.00424  -45.00010  73.167006    34.6737    34.6760 0.0000e+00
     261904     2.7526   3.186695     2.7499   3.186662   1578.813  -45.00424  -45.00010  73.167021    34.6738    34.6763 0.0000e+00
     261927     2.7546   3.186779     2.7531   3.186787   1578.037  -45.00424  -45.00012  73.167032    34.6731    34.6748 0.0000e+00
     261948     2.7552   3.186759     2.7540   3.186810   1577.307  -45.00424  -45.00012  73.167042    34.6725    34.6744 0.0000e+00
