SBEDataProcessing_SAGA-CTD_example/tipo2/out2/st001.cnv
* Sea-Bird SBE 9 Data File:
* FileName = C:\Users\CTD01\Desktop\CTD_SAGA\ST001.hex
* Software Version Seasave V 7.26.7.121
* Temperature SN = 4669
* Conductivity SN = 3289
* Number of Bytes Per Scan = 37
* Number of Voltage Words = 4
* Number of Scans Averaged by the Deck Unit = 1
* NMEA Latitude = 47 00.83 S
* NMEA Longitude = 047 03.62 W
* NMEA UTC (Time) = Mar 12 2021 21:57:37
* NMEA baud rate = 9600
** Ship:Sarmiento de Gamboa
** Cruise:SAGA 10W
** Cast:  001
** Station:  001
** Depth:  5920
** Date:  12/03/2021
** Time:  21:57
# nquan = 12
# nvalues = 11090                       
# units = specified
# name 0 = scan: Scan Count
# name 1 = t090C: Temperature [ITS-90, deg C]
# name 2 = c0S/m: Conductivity [S/m]
# name 3 = t190C: Temperature, 2 [ITS-90, deg C]
# name 4 = c1S/m: Conductivity, 2 [S/m]
# name 5 = prDM: Pressure, Digiquartz [db]
# name 6 = latitude: Latitude [deg]
# name 7 = longitude: Longitude [deg]
# name 8 = timeJ: Julian Days
# name 9 = sal00: Salinity, Practical [PSU]
# name 10 = sal11: Salinity, Practical, 2 [PSU]
# name 11 = flag: flag
# span 0 =        103,     337498       
# span 1 =     0.3770,    14.5030       
# span 2 =   3.107175,   4.206371       
# span 3 =     0.3761,    14.5011       
# span 4 =   3.107314,   4.206162       
# span 5 =      0.532,   5372.681       
# span 6 =  -47.01394,  -47.01386       
# span 7 =  -47.06044,  -47.06028       
# span 8 =  71.915061,  72.077771       
# span 9 =    34.1519,    35.0369       
# span 10 =    34.1519,    35.0456      
# span 11 = 0.0000e+00, 0.0000e+00      
# interval = seconds: 1                 
# start_time = Mar 12 2021 21:57:37 [NMEA time, header]
# bad_flag = -9.990e-29
*END*
[from data line 7579]
     221247     1.6170   3.166327     1.6188   3.166740   3460.058  -47.01392  -47.06038  72.021708    34.7460    34.7492 0.0000e+00
     221268     1.6199   3.166586     1.6202   3.166755   3459.411  -47.01392  -47.06038  72.021718    34.7464    34.7481 0.0000e+00
     221292     1.6291   3.167398     1.6287   3.167492   3458.209  -47.01392  -47.06038  72.021730    34.7471    34.7486 0.0000e+00
     221316     1.6400   3.168371     1.6390   3.168399   3456.734  -47.01392  -47.06038  72.021741    34.7481    34.7495 0.0000e+00
     221337     1.6377   3.168074     1.6353   3.168066   3455.605  -47.01392  -47.06038  72.021751    34.7474    34.7498 0.0000e+00
     221362     1.6335   3.167688     1.6318   3.167718   3454.649  -47.01392  -47.06038  72.021763    34.7475    34.7497 0.0000e+00
     221389     1.6357   3.167875     1.6334   3.167830   3454.028  -47.01392  -47.06038  72.021777    34.7477    34.7496 0.0000e+00
     221417     1.6307   3.167291     1.6303   3.167499   3453.094  -47.01392  -47.06038  72.021790    34.7463    34.7494 0.0000e+00
     221436     1.6259   3.166739     1.6241   3.166815   3452.131  -47.01392  -47.06038  72.021799    34.7451    34.7479 0.0000e+00
     221457     1.6277   3.166844     1.6253   3.166766   3451.120  -47.01392  -47.06038  72.021809    34.7449    34.7465 0.0000e+00
     221486     1.6310   3.167131     1.6287   3.167110   3449.961  -47.01392  -47.06038  72.021823    34.7454    34.7476 0.0000e+00
     221503     1.6286   3.166914     1.6286   3.167079   3449.575  -47.01391  -47.06038  72.021831    34.7455    34.7476 0.0000e+00
     221560     1.6279   3.166813     1.6264   3.166862   3448.786  -47.01392  -47.06038  72.021859    34.7453    34.7475 0.0000e+00
     221581     1.6305   3.167029     1.6296   3.167122   3447.775  -47.01392  -47.06038  72.021869    34.7457    34.7477 0.0000e+00
     221605     1.6457   3.168446     1.6442   3.168389   3446.445  -47.01392  -47.06038  72.021881    34.7474    34.7483 0.0000e+00
     221627     1.6566   3.169500     1.6569   3.169603   3445.210  -47.01392  -47.06038  72.021891    34.7494    34.7503 0.0000e+00
     221650     1.6644   3.170218     1.6621   3.170099   3444.143  -47.01392  -47.06038  72.021903    34.7503    34.7513 0.0000e+00
     221678     1.6673   3.170444     1.6586   3.169994   3443.138  -47.01392  -47.06038  72.021916    34.7503    34.7541 0.0000e+00
     221700     1.6610   3.169849     1.6470   3.168691   3442.442  -47.01392  -47.06037  72.021926    34.7501    34.7508 0.0000e+00
     221714     1.6600   3.169541     1.6461   3.168625   3442.030  -47.01392  -47.06036  72.021933    34.7476    34.7512 0.0000e+00
     221780     1.6574   3.169434     1.6515   3.169006   3440.552  -47.01390  -47.06036  72.021965    34.7498    34.7508 0.0000e+00
     221798     1.6740   3.170977     1.6711   3.170754   3439.792  -47.01390  -47.06038  72.021974    34.7514    34.7516 0.0000e+00
     221822     1.6801   3.171559     1.6775   3.171399   3438.543  -47.01390  -47.06038  72.021986    34.7525    34.7534 0.0000e+00
     221842     1.6816   3.171667     1.6812   3.171754   3437.477  -47.01390  -47.06038  72.021995    34.7527    34.7542 0.0000e+00
     221868     1.6823   3.171682     1.6812   3.171758   3436.281  -47.01390  -47.06037  72.022008    34.7527    34.7547 0.0000e+00
     221894     1.6771   3.171157     1.6748   3.171121   3435.460  -47.01391  -47.06036  72.022020    34.7522    34.7541 0.0000e+00
     221945     1.6795   3.171372     1.6762   3.171250   3434.288  -47.01392  -47.06036  72.022045    34.7528    34.7548 0.0000e+00
     221968     1.6766   3.171076     1.6787   3.171451   3433.640  -47.01392  -47.06036  72.022056    34.7525    34.7548 0.0000e+00
     221989     1.6779   3.171214     1.6797   3.171544   3433.139  -47.01391  -47.06036  72.022065    34.7530    34.7552 0.0000e+00
     222018     1.6797   3.171313     1.6779   3.171330   3432.108  -47.01390  -47.06036  72.022080    34.7528    34.7549 0.0000e+00
     222037     1.6828   3.171543     1.6813   3.171549   3431.077  -47.01390  -47.06036  72.022089    34.7528    34.7544 0.0000e+00
     222062     1.6882   3.171981     1.6867   3.171989   3429.430  -47.01390  -47.06036  72.022101    34.7531    34.7548 0.0000e+00
     222085     1.6900   3.172124     1.6885   3.172138   3428.076  -47.01390  -47.06036  72.022112    34.7535    34.7553 0.0000e+00
     222104     1.6903   3.172108     1.6867   3.172035   3427.196  -47.01390  -47.06036  72.022121    34.7534    34.7564 0.0000e+00
     222140     1.6896   3.172033     1.6877   3.172095   3426.541  -47.01390  -47.06036  72.022139    34.7535    34.7563 0.0000e+00
     222166     1.6844   3.171535     1.6841   3.171710   3426.228  -47.01390  -47.06034  72.022151    34.7531    34.7555 0.0000e+00
     222191     1.6862   3.171662     1.6858   3.171806   3425.360  -47.01390  -47.06034  72.022163    34.7531    34.7553 0.0000e+00
     222205     1.6884   3.171852     1.6880   3.171998   3424.841  -47.01390  -47.06034  72.022170    34.7533    34.7556 0.0000e+00
     222223     1.6888   3.171903     1.6894   3.172116   3424.258  -47.01390  -47.06034  72.022179    34.7538    34.7558 0.0000e+00
     222253     1.6856   3.171592     1.6882   3.172016   3423.755  -47.01390  -47.06034  72.022193    34.7536    34.7561 0.0000e+00
     222277     1.6835   3.171376     1.6846   3.171704   3423.272  -47.01390  -47.06034  72.022205    34.7534    34.7562 0.0000e+00
     222302     1.6933   3.172249     1.6931   3.172375   3422.079  -47.01390  -47.06034  72.022217    34.7542    34.7559 0.0000e+00
     222324     1.7030   3.173097     1.7021   3.173122   3420.542  -47.01390  -47.06034  72.022228    34.7550    34.7562 0.0000e+00
     222349     1.7078   3.173480     1.7068   3.173548   3418.802  -47.01390  -47.06034  72.022239    34.7554    34.7572 0.0000e+00
     222371     1.7081   3.173465     1.7061   3.173480   3417.489  -47.01390  -47.06034  72.022250    34.7554    34.7577 0.0000e+00
     222395     1.7047   3.173130     1.7034   3.173194   3416.656  -47.01390  -47.06034  72.022262    34.7553    34.7575 0.0000e+00
     222424     1.7033   3.173002     1.7014   3.173018   3416.459  -47.01390  -47.06034  72.022276    34.7552    34.7574 0.0000e+00
     222446     1.7016   3.172812     1.7024   3.173069   3416.293  -47.01390  -47.06034  72.022286    34.7548    34.7572 0.0000e+00
     222469     1.7009   3.172726     1.6998   3.172875   3415.696  -47.01390  -47.06034  72.022297    34.7548    34.7578 0.0000e+00
     222493     1.7028   3.172893     1.7012   3.172906   3414.730  -47.01390  -47.06034  72.022309    34.7553    34.7571 0.0000e+00
     222512     1.7031   3.172904     1.7050   3.173257   3414.001  -47.01390  -47.06034  72.022318    34.7554    34.7577 0.0000e+00
     222538     1.7105   3.173572     1.7106   3.173726   3413.049  -47.01390  -47.06034  72.022331    34.7561    34.7579 0.0000e+00
     222564     1.7156   3.173985     1.7136   3.173978   3412.110  -47.01390  -47.06034  72.022343    34.7561    34.7582 0.0000e+00
     222585     1.7132   3.173690     1.7117   3.173777   3411.361  -47.01390  -47.06034  72.022354    34.7554    34.7581 0.0000e+00
     222615     1.7042   3.172672     1.7042   3.172948   3410.160  -47.01390  -47.06036  72.022368    34.7530    34.7564 0.0000e+00
     222637     1.7022   3.172430     1.7013   3.172581   3409.005  -47.01390  -47.06036  72.022379    34.7527    34.7555 0.0000e+00
     222662     1.7037   3.172503     1.7024   3.172554   3407.506  -47.01390  -47.06036  72.022390    34.7527    34.7548 0.0000e+00
     222683     1.7076   3.172842     1.7059   3.172842   3406.218  -47.01390  -47.06035  72.022401    34.7533    34.7550 0.0000e+00
     222703     1.7073   3.172788     1.7058   3.172861   3405.302  -47.01390  -47.06034  72.022410    34.7533    34.7558 0.0000e+00
     222812     1.7039   3.172476     1.7036   3.172636   3404.743  -47.01390  -47.06034  72.022463    34.7534    34.7557 0.0000e+00
     222827     1.7052   3.172520     1.7047   3.172655   3403.720  -47.01390  -47.06035  72.022470    34.7531    34.7551 0.0000e+00
     222853     1.7035   3.172222     1.7024   3.172361   3401.768  -47.01390  -47.06036  72.022482    34.7520    34.7549 0.0000e+00
     222875     1.6999   3.171775     1.6987   3.171871   3400.131  -47.01390  -47.06036  72.022493    34.7511    34.7536 0.0000e+00
     222897     1.6997   3.171681     1.6974   3.171651   3398.719  -47.01390  -47.06036  72.022504    34.7507    34.7529 0.0000e+00
     222922     1.6988   3.171565     1.6966   3.171552   3397.528  -47.01390  -47.06036  72.022516    34.7509    34.7530 0.0000e+00
     222947     1.7003   3.171666     1.6987   3.171867   3396.776  -47.01390  -47.06036  72.022528    34.7508    34.7550 0.0000e+00
     223008     1.7003   3.171739     1.6955   3.171463   3396.583  -47.01390  -47.06034  72.022557    34.7518    34.7535 0.0000e+00
     223026     1.7001   3.171675     1.6973   3.171598   3396.409  -47.01390  -47.06034  72.022566    34.7512    34.7533 0.0000e+00
     223048     1.7008   3.171727     1.6995   3.171796   3395.597  -47.01390  -47.06035  72.022577    34.7516    34.7538 0.0000e+00
     223070     1.7005   3.171625     1.6989   3.171704   3394.292  -47.01390  -47.06036  72.022587    34.7512    34.7539 0.0000e+00
     223090     1.6951   3.170947     1.6947   3.171173   3393.020  -47.01390  -47.06036  72.022597    34.7492    34.7525 0.0000e+00
     223116     1.6914   3.170485     1.6910   3.170692   3391.611  -47.01390  -47.06036  72.022609    34.7481    34.7510 0.0000e+00
     223135     1.6941   3.170789     1.6930   3.170824   3390.872  -47.01390  -47.06036  72.022619    34.7493    34.7510 0.0000e+00
     223161     1.6936   3.170661     1.6932   3.170859   3390.264  -47.01390  -47.06036  72.022631    34.7485    34.7514 0.0000e+00
     223188     1.6947   3.170776     1.6941   3.170949   3389.575  -47.01390  -47.06036  72.022644    34.7492    34.7519 0.0000e+00
     223212     1.6940   3.170643     1.6923   3.170693   3388.514  -47.01390  -47.06036  72.022656    34.7486    34.7511 0.0000e+00
     223237     1.6950   3.170644     1.6938   3.170717   3387.274  -47.01390  -47.06036  72.022668    34.7482    34.7503 0.0000e+00
     223256     1.6956   3.170654     1.6943   3.170736   3386.436  -47.01390  -47.06036  72.022677    34.7481    34.7504 0.0000e+00
     223279     1.6952   3.170614     1.6939   3.170701   3385.739  -47.01390  -47.06036  72.022688    34.7482    34.7508 0.0000e+00
     223308     1.6947   3.170539     1.6937   3.170666   3385.095  -47.01390  -47.06037  72.022702    34.7481    34.7508 0.0000e+00
     223332     1.6948   3.170520     1.6938   3.170619   3384.363  -47.01390  -47.06038  72.022714    34.7482    34.7505 0.0000e+00
     223354     1.6950   3.170480     1.6939   3.170591   3383.497  -47.01390  -47.06038  72.022724    34.7479    34.7503 0.0000e+00
     223380     1.6974   3.170672     1.6977   3.170868   3382.505  -47.01390  -47.06038  72.022737    34.7482    34.7502 0.0000e+00
     223405     1.7012   3.170980     1.7003   3.171055   3381.608  -47.01390  -47.06038  72.022749    34.7482    34.7501 0.0000e+00
     223428     1.7032   3.171109     1.7011   3.171128   3380.815  -47.01390  -47.06038  72.022760    34.7480    34.7505 0.0000e+00
     223451     1.7051   3.171269     1.7040   3.171361   3380.020  -47.01390  -47.06038  72.022771    34.7484    34.7506 0.0000e+00
     223477     1.7074   3.171451     1.7052   3.171430   3379.124  -47.01390  -47.06038  72.022784    34.7486    34.7506 0.0000e+00
     223500     1.7079   3.171475     1.7066   3.171544   3378.321  -47.01390  -47.06038  72.022794    34.7486    34.7509 0.0000e+00
     223524     1.7088   3.171535     1.7076   3.171611   3377.386  -47.01390  -47.06038  72.022806    34.7488    34.7510 0.0000e+00
     223548     1.7100   3.171617     1.7090   3.171696   3376.367  -47.01390  -47.06038  72.022818    34.7490    34.7511 0.0000e+00
     223574     1.7105   3.171622     1.7095   3.171724   3375.320  -47.01390  -47.06038  72.022830    34.7490    34.7514 0.0000e+00
     223596     1.7109   3.171635     1.7096   3.171708   3374.451  -47.01390  -47.06038  72.022841    34.7491    34.7514 0.0000e+00
     223621     1.7113   3.171639     1.7100   3.171716   3373.562  -47.01390  -47.06038  72.022853    34.7491    34.7514 0.0000e+00
     223649     1.7116   3.171640     1.7081   3.171543   3372.770  -47.01390  -47.06038  72.022866    34.7492    34.7516 0.0000e+00
     223658     1.7115   3.171604     1.7066   3.171341   3372.562  -47.01390  -47.06038  72.022871    34.7489    34.7509 0.0000e+00
     223696     1.7097   3.171438     1.7078   3.171456   3371.813  -47.01390  -47.06038  72.022890    34.7491    34.7514 0.0000e+00
     223713     1.7123   3.171631     1.7104   3.171642   3371.159  -47.01390  -47.06038  72.022897    34.7491    34.7512 0.0000e+00
     223740     1.7145   3.171771     1.7129   3.171816   3369.743  -47.01390  -47.06038  72.022910    34.7491    34.7513 0.0000e+00
     223762     1.7160   3.171883     1.7148   3.171948   3368.412  -47.01390  -47.06038  72.022921    34.7494    34.7515 0.0000e+00
     223788     1.7167   3.171902     1.7155   3.171963   3367.026  -47.01390  -47.06038  72.022934    34.7495    34.7515 0.0000e+00
     223804     1.7168   3.171854     1.7138   3.171823   3366.426  -47.01390  -47.06038  72.022941    34.7491    34.7519 0.0000e+00
     223870     1.7139   3.171601     1.7134   3.171710   3365.754  -47.01390  -47.06038  72.022973    34.7494    34.7513 0.0000e+00
     223887     1.7141   3.171603     1.7134   3.171717   3365.160  -47.01390  -47.06038  72.022981    34.7495    34.7516 0.0000e+00
     223909     1.7156   3.171688     1.7151   3.171806   3364.012  -47.01390  -47.06038  72.022992    34.7494    34.7514 0.0000e+00
     223934     1.7198   3.172027     1.7182   3.172039   3362.510  -47.01390  -47.06038  72.023004    34.7497    34.7516 0.0000e+00
     223956     1.7226   3.172245     1.7211   3.172283   3361.332  -47.01390  -47.06038  72.023015    34.7499    34.7520 0.0000e+00
     223980     1.7232   3.172263     1.7225   3.172374   3360.293  -47.01390  -47.06037  72.023026    34.7500    34.7521 0.0000e+00
     224001     1.7187   3.171843     1.7196   3.172087   3359.653  -47.01390  -47.06036  72.023036    34.7499    34.7520 0.0000e+00
     224051     1.7196   3.171877     1.7174   3.171894   3358.656  -47.01390  -47.06036  72.023060    34.7498    34.7524 0.0000e+00
     224077     1.7238   3.172219     1.7223   3.172239   3357.589  -47.01390  -47.06036  72.023073    34.7500    34.7518 0.0000e+00
     224097     1.7278   3.172571     1.7257   3.172503   3356.499  -47.01390  -47.06036  72.023083    34.7506    34.7520 0.0000e+00
     224121     1.7324   3.172924     1.7312   3.172992   3355.161  -47.01390  -47.06036  72.023094    34.7506    34.7527 0.0000e+00
     224144     1.7320   3.172875     1.7308   3.172974   3354.056  -47.01390  -47.06036  72.023105    34.7509    34.7534 0.0000e+00
     224169     1.7307   3.172737     1.7291   3.172765   3353.447  -47.01390  -47.06036  72.023117    34.7509    34.7529 0.0000e+00
     224195     1.7305   3.172715     1.7288   3.172768   3353.315  -47.01390  -47.06036  72.023130    34.7509    34.7534 0.0000e+00
     224218     1.7291   3.172564     1.7277   3.172642   3352.863  -47.01390  -47.06036  72.023141    34.7508    34.7532 0.0000e+00
     224247     1.7316   3.172729     1.7304   3.172794   3351.385  -47.01390  -47.06036  72.023155    34.7508    34.7529 0.0000e+00
     224270     1.7348   3.172977     1.7335   3.173012   3349.957  -47.01390  -47.06036  72.023166    34.7510    34.7528 0.0000e+00
     224291     1.7370   3.173148     1.7353   3.173168   3348.818  -47.01390  -47.06035  72.023176    34.7513    34.7533 0.0000e+00
     224312     1.7365   3.173020     1.7327   3.172947   3348.034  -47.01390  -47.06034  72.023186    34.7506    34.7537 0.0000e+00
