SBEDataProcessing_SAGA-CTD_example/tipo2/out2/st003.cnv
* Sea-Bird SBE 9 Data File:
* FileName = C:\Users\CTD01\Desktop\CTD_SAGA\ST003.hex
* Software Version Seasave V 7.26.7.121
* Temperature SN = 4669
* Conductivity SN = 3289
* Number of Bytes Per Scan = 37
* Number of Voltage Words = 4
* Number of Scans Averaged by the Deck Unit = 1
* NMEA Latitude = 45 00.25 S
* NMEA Longitude = 045 00.00 W
* NMEA UTC (Time) = Mar 14 2021 00:58:38
* NMEA baud rate = 9600
** Ship:Sarmiento de Gamboa
** Cruise:SAGA 10W
** Cast:  003
** Station:  003
** Depth:  5198
** Date:  14/03/2021
** Time:  00:58
# nquan = 12
# nvalues = 10736                       
# units = specified
# name 0 = scan: Scan Count
# name 1 = t090C: Temperature [ITS-90, deg C]
# name 2 = c0S/m: Conductivity [S/m]
# name 3 = t190C: Temperature, 2 [ITS-90, deg C]
# name 4 = c1S/m: Conductivity, 2 [S/m]
# name 5 = prDM: Pressure, Digiquartz [db]
# name 6 = latitude: Latitude [deg]
# name 7 = longitude: Longitude [deg]
# name 8 = timeJ: Julian Days
# name 9 = sal00: Salinity, Practical [PSU]
# name 10 = sal11: Salinity, Practical, 2 [PSU]
# name 11 = flag: flag
# span 0 =       1263,     315866       
# span 1 =     0.2828,    15.2972       
# span 2 =   3.085404,   4.268115       
# span 3 =     0.2817,    15.2963       
# span 4 =   3.085515,   4.267862       
# span 5 =      2.295,   5165.812       
# span 6 =  -45.00428,  -45.00422       
# span 7 =  -45.00016,  -45.00006       
# span 8 =  73.041326,  73.193044       
# span 9 =    34.1443,    34.8333       
# span 10 =    34.1485,    34.8357      
# span 11 = 0.0000e+00, 0.0000e+00      
# interval = seconds: 1                 
# start_time = Mar 14 2021 00:58:38 [NMEA time, header]
# bad_flag = -9.990e-29
*END*
[from data line 963]
      28167     3.0500   3.147579     3.0487   3.147678    822.780  -45.00424  -45.00008  73.054301    34.2729    34.2754 0.0000e+00
      28188     3.0460   3.147458     3.0447   3.147551    824.167  -45.00424  -45.00008  73.054311    34.2749    34.2774 0.0000e+00
      28213     3.0449   3.147471     3.0433   3.147553    825.868  -45.00424  -45.00008  73.054323    34.2753    34.2779 0.0000e+00
      28237     3.0435   3.147468     3.0421   3.147548    827.496  -45.00424  -45.00008  73.054334    34.2758    34.2783 0.0000e+00
      28258     3.0421   3.147426     3.0407   3.147522    828.720  -45.00424  -45.00008  73.054345    34.2762    34.2789 0.0000e+00
      28282     3.0419   3.147443     3.0403   3.147516    829.622  -45.00424  -45.00008  73.054356    34.2762    34.2788 0.0000e+00
      28300     3.0458   3.147705     3.0435   3.147650    829.873  -45.00424  -45.00008  73.054365    34.2751    34.2769 0.0000e+00
      28366     3.0448   3.147641     3.0421   3.147625    830.184  -45.00424  -45.00008  73.054396    34.2751    34.2779 0.0000e+00
      28379     3.0427   3.147544     3.0408   3.147598    830.762  -45.00424  -45.00008  73.054403    34.2759    34.2785 0.0000e+00
      28406     3.0389   3.147400     3.0375   3.147479    832.187  -45.00424  -45.00008  73.054416    34.2775    34.2799 0.0000e+00
      28426     3.0383   3.147398     3.0368   3.147466    833.097  -45.00424  -45.00008  73.054426    34.2776    34.2800 0.0000e+00
      28452     3.0380   3.147419     3.0366   3.147478    833.873  -45.00424  -45.00008  73.054438    34.2778    34.2799 0.0000e+00
      28475     3.0380   3.147442     3.0365   3.147500    834.521  -45.00424  -45.00008  73.054449    34.2777    34.2800 0.0000e+00
      28502     3.0380   3.147528     3.0365   3.147582    835.603  -45.00424  -45.00008  73.054462    34.2782    34.2804 0.0000e+00
      28523     3.0373   3.147571     3.0358   3.147631    836.707  -45.00424  -45.00008  73.054472    34.2789    34.2812 0.0000e+00
      28548     3.0336   3.147472     3.0322   3.147556    838.231  -45.00424  -45.00008  73.054485    34.2807    34.2832 0.0000e+00
      28570     3.0310   3.147426     3.0295   3.147514    839.206  -45.00424  -45.00008  73.054495    34.2824    34.2851 0.0000e+00
      28598     3.0310   3.147462     3.0294   3.147533    839.892  -45.00424  -45.00008  73.054509    34.2824    34.2851 0.0000e+00
      28623     3.0311   3.147484     3.0297   3.147507    840.285  -45.00424  -45.00008  73.054521    34.2824    34.2842 0.0000e+00
      28648     3.0310   3.147489     3.0292   3.147547    840.794  -45.00424  -45.00008  73.054533    34.2824    34.2849 0.0000e+00
      28670     3.0308   3.147514     3.0292   3.147579    841.438  -45.00425  -45.00008  73.054543    34.2826    34.2850 0.0000e+00
      28692     3.0300   3.147534     3.0286   3.147604    842.268  -45.00426  -45.00008  73.054554    34.2832    34.2855 0.0000e+00
      28716     3.0283   3.147494     3.0269   3.147564    843.385  -45.00426  -45.00008  73.054565    34.2839    34.2862 0.0000e+00
      28740     3.0265   3.147437     3.0250   3.147518    844.712  -45.00426  -45.00008  73.054577    34.2844    34.2870 0.0000e+00
      28766     3.0244   3.147393     3.0231   3.147470    846.237  -45.00424  -45.00008  73.054589    34.2853    34.2877 0.0000e+00
      28786     3.0200   3.147110     3.0188   3.147233    847.386  -45.00424  -45.00008  73.054599    34.2859    34.2887 0.0000e+00
      28809     3.0194   3.147129     3.0177   3.147202    848.277  -45.00424  -45.00010  73.054610    34.2863    34.2890 0.0000e+00
      28893     3.0219   3.147323     3.0218   3.147481    849.168  -45.00426  -45.00010  73.054651    34.2855    34.2875 0.0000e+00
      28918     3.0203   3.147315     3.0199   3.147446    849.775  -45.00426  -45.00010  73.054663    34.2868    34.2889 0.0000e+00
      28934     3.0202   3.147340     3.0193   3.147429    850.336  -45.00426  -45.00010  73.054670    34.2870    34.2890 0.0000e+00
      28955     3.0198   3.147383     3.0184   3.147449    851.293  -45.00426  -45.00010  73.054681    34.2875    34.2897 0.0000e+00
      28979     3.0180   3.147422     3.0166   3.147506    852.637  -45.00424  -45.00008  73.054692    34.2891    34.2916 0.0000e+00
      29004     3.0168   3.147465     3.0154   3.147539    854.196  -45.00424  -45.00008  73.054704    34.2900    34.2924 0.0000e+00
      29028     3.0158   3.147502     3.0145   3.147575    855.693  -45.00424  -45.00008  73.054716    34.2907    34.2930 0.0000e+00
      29056     3.0123   3.147361     3.0113   3.147510    857.185  -45.00424  -45.00009  73.054729    34.2920    34.2949 0.0000e+00
      29070     3.0071   3.146938     3.0061   3.147098    857.802  -45.00424  -45.00010  73.054736    34.2920    34.2951 0.0000e+00
      29101     3.0041   3.146738     3.0023   3.146806    858.687  -45.00426  -45.00010  73.054751    34.2923    34.2951 0.0000e+00
      29174     3.0088   3.147152     3.0043   3.146981    859.549  -45.00426  -45.00010  73.054787    34.2920    34.2947 0.0000e+00
      29198     3.0067   3.147187     3.0053   3.147249    860.517  -45.00426  -45.00010  73.054798    34.2941    34.2963 0.0000e+00
      29221     3.0013   3.146857     3.0000   3.146962    861.776  -45.00426  -45.00010  73.054809    34.2951    34.2978 0.0000e+00
      29246     2.9968   3.146633     2.9954   3.146736    863.246  -45.00426  -45.00010  73.054821    34.2964    34.2990 0.0000e+00
      29269     2.9939   3.146487     2.9923   3.146583    864.287  -45.00426  -45.00010  73.054832    34.2972    34.2999 0.0000e+00
      29299     2.9931   3.146486     2.9913   3.146556    865.021  -45.00426  -45.00010  73.054847    34.2976    34.3003 0.0000e+00
      29315     2.9942   3.146578     2.9913   3.146557    865.205  -45.00426  -45.00010  73.054854    34.2974    34.3002 0.0000e+00
      29343     2.9954   3.146620     2.9908   3.146530    865.607  -45.00424  -45.00010  73.054868    34.2965    34.3002 0.0000e+00
      29365     2.9918   3.146450     2.9902   3.146529    866.222  -45.00424  -45.00010  73.054878    34.2978    34.3005 0.0000e+00
      29388     2.9914   3.146503     2.9900   3.146572    867.198  -45.00424  -45.00010  73.054889    34.2984    34.3008 0.0000e+00
      29413     2.9900   3.146484     2.9884   3.146552    868.684  -45.00424  -45.00010  73.054902    34.2989    34.3014 0.0000e+00
      29437     2.9885   3.146462     2.9871   3.146537    870.192  -45.00424  -45.00010  73.054913    34.2994    34.3018 0.0000e+00
      29459     2.9869   3.146437     2.9854   3.146515    871.592  -45.00424  -45.00010  73.054924    34.3001    34.3026 0.0000e+00
      29482     2.9830   3.146264     2.9816   3.146364    872.811  -45.00426  -45.00010  73.054935    34.3015    34.3042 0.0000e+00
      29507     2.9765   3.145860     2.9749   3.145941    873.696  -45.00426  -45.00010  73.054947    34.3030    34.3057 0.0000e+00
      29532     2.9842   3.146349     2.9777   3.146099    874.057  -45.00426  -45.00010  73.054959    34.3006    34.3044 0.0000e+00
      29559     2.9856   3.146456     2.9848   3.146533    874.157  -45.00426  -45.00010  73.054971    34.3003    34.3021 0.0000e+00
      29590     2.9853   3.146443     2.9836   3.146507    874.507  -45.00426  -45.00010  73.054987    34.3003    34.3029 0.0000e+00
      29605     2.9796   3.146091     2.9770   3.146149    874.893  -45.00426  -45.00010  73.054994    34.3019    34.3054 0.0000e+00
      29629     2.9731   3.145758     2.9717   3.145839    875.648  -45.00426  -45.00010  73.055006    34.3042    34.3067 0.0000e+00
      29654     2.9724   3.145740     2.9708   3.145802    876.598  -45.00424  -45.00010  73.055018    34.3043    34.3068 0.0000e+00
      29676     2.9740   3.145986     2.9724   3.145974    877.594  -45.00424  -45.00010  73.055028    34.3051    34.3066 0.0000e+00
      29701     2.9803   3.146863     2.9788   3.146913    879.035  -45.00424  -45.00010  73.055041    34.3083    34.3105 0.0000e+00
      29725     2.9785   3.146816     2.9780   3.146913    880.491  -45.00424  -45.00010  73.055052    34.3089    34.3106 0.0000e+00
      29747     2.9798   3.147063     2.9781   3.147091    881.725  -45.00424  -45.00010  73.055063    34.3098    34.3120 0.0000e+00
      29773     2.9807   3.147264     2.9792   3.147316    882.775  -45.00424  -45.00010  73.055075    34.3108    34.3130 0.0000e+00
      29799     2.9817   3.147451     2.9801   3.147514    883.521  -45.00425  -45.00010  73.055088    34.3116    34.3141 0.0000e+00
      29824     2.9801   3.147380     2.9787   3.147467    884.261  -45.00426  -45.00010  73.055100    34.3120    34.3146 0.0000e+00
      29843     2.9786   3.147263     2.9771   3.147346    884.836  -45.00426  -45.00010  73.055109    34.3120    34.3145 0.0000e+00
      29867     2.9760   3.147114     2.9747   3.147206    885.720  -45.00426  -45.00010  73.055121    34.3124    34.3149 0.0000e+00
      29893     2.9742   3.147001     2.9727   3.147065    886.693  -45.00424  -45.00010  73.055133    34.3125    34.3148 0.0000e+00
      29911     2.9725   3.146869     2.9710   3.146948    887.319  -45.00424  -45.00010  73.055142    34.3123    34.3148 0.0000e+00
      30000     2.9726   3.146942     2.9724   3.147145    888.578  -45.00424  -45.00010  73.055185    34.3124    34.3151 0.0000e+00
      30014     2.9722   3.147009     2.9716   3.147105    888.961  -45.00424  -45.00010  73.055192    34.3135    34.3153 0.0000e+00
      30039     2.9708   3.146964     2.9694   3.147038    890.032  -45.00424  -45.00010  73.055204    34.3139    34.3162 0.0000e+00
      30061     2.9706   3.147025     2.9691   3.147091    891.326  -45.00424  -45.00010  73.055214    34.3141    34.3164 0.0000e+00
      30086     2.9706   3.147170     2.9691   3.147225    893.086  -45.00424  -45.00010  73.055226    34.3150    34.3172 0.0000e+00
      30110     2.9707   3.147336     2.9692   3.147376    894.863  -45.00424  -45.00010  73.055238    34.3159    34.3180 0.0000e+00
      30133     2.9703   3.147547     2.9689   3.147605    896.359  -45.00424  -45.00010  73.055249    34.3180    34.3203 0.0000e+00
      30155     2.9694   3.147590     2.9679   3.147662    897.469  -45.00424  -45.00010  73.055259    34.3190    34.3215 0.0000e+00
      30172     2.9695   3.147584     2.9676   3.147669    897.952  -45.00424  -45.00010  73.055267    34.3185    34.3216 0.0000e+00
      30303     2.9715   3.147598     2.9699   3.147650    898.769  -45.00424  -45.00010  73.055331    34.3162    34.3185 0.0000e+00
      30327     2.9707   3.147978     2.9692   3.147993    900.628  -45.00424  -45.00010  73.055342    34.3207    34.3225 0.0000e+00
      30347     2.9656   3.147839     2.9644   3.147946    902.318  -45.00424  -45.00010  73.055352    34.3235    34.3260 0.0000e+00
      30372     2.9620   3.147727     2.9607   3.147806    904.326  -45.00424  -45.00008  73.055364    34.3249    34.3272 0.0000e+00
      30390     2.9592   3.147638     2.9580   3.147764    905.664  -45.00424  -45.00008  73.055373    34.3261    34.3289 0.0000e+00
      30420     2.9620   3.147747     2.9607   3.147860    906.018  -45.00424  -45.00008  73.055387    34.3242    34.3270 0.0000e+00
      30493     2.9678   3.147992     2.9650   3.148055    906.385  -45.00424  -45.00010  73.055423    34.3209    34.3246 0.0000e+00
      30515     2.9619   3.147841     2.9614   3.147958    907.367  -45.00425  -45.00010  73.055433    34.3248    34.3267 0.0000e+00
      30542     2.9536   3.147543     2.9529   3.147684    909.006  -45.00426  -45.00010  73.055446    34.3291    34.3316 0.0000e+00
      30563     2.9510   3.147437     2.9495   3.147519    910.370  -45.00426  -45.00010  73.055456    34.3299    34.3325 0.0000e+00
      30584     2.9487   3.147354     2.9473   3.147456    911.591  -45.00426  -45.00008  73.055466    34.3306    34.3333 0.0000e+00
      30607     2.9471   3.147261     2.9460   3.147373    912.635  -45.00424  -45.00008  73.055477    34.3306    34.3332 0.0000e+00
      30689     2.9508   3.147519     2.9477   3.147530    913.776  -45.00424  -45.00008  73.055517    34.3293    34.3327 0.0000e+00
      30701     2.9489   3.147410     2.9461   3.147396    913.975  -45.00424  -45.00008  73.055523    34.3298    34.3326 0.0000e+00
      30734     2.9454   3.147206     2.9437   3.147278    914.863  -45.00424  -45.00008  73.055538    34.3306    34.3333 0.0000e+00
      30758     2.9423   3.147117     2.9408   3.147196    915.834  -45.00424  -45.00008  73.055550    34.3324    34.3349 0.0000e+00
      30781     2.9432   3.147417     2.9415   3.147431    917.041  -45.00424  -45.00008  73.055562    34.3344    34.3363 0.0000e+00
      30804     2.9432   3.147542     2.9417   3.147593    918.523  -45.00424  -45.00008  73.055572    34.3351    34.3373 0.0000e+00
      30829     2.9440   3.147839     2.9424   3.147857    920.313  -45.00424  -45.00010  73.055585    34.3369    34.3388 0.0000e+00
      30853     2.9408   3.147744     2.9394   3.147854    921.924  -45.00424  -45.00009  73.055596    34.3383    34.3411 0.0000e+00
      30875     2.9387   3.147666     2.9371   3.147731    922.977  -45.00424  -45.00008  73.055607    34.3391    34.3416 0.0000e+00
      30998     2.9438   3.147864     2.9422   3.147917    923.875  -45.00424  -45.00008  73.055666    34.3356    34.3379 0.0000e+00
      31022     2.9396   3.147813     2.9384   3.147906    924.997  -45.00424  -45.00008  73.055677    34.3388    34.3412 0.0000e+00
      31046     2.9368   3.147771     2.9354   3.147865    926.435  -45.00424  -45.00008  73.055689    34.3405    34.3431 0.0000e+00
      31067     2.9325   3.147586     2.9311   3.147684    927.875  -45.00424  -45.00008  73.055699    34.3420    34.3448 0.0000e+00
      31093     2.9319   3.147634     2.9304   3.147712    929.492  -45.00424  -45.00008  73.055712    34.3425    34.3450 0.0000e+00
      31118     2.9316   3.147712     2.9301   3.147791    930.686  -45.00424  -45.00008  73.055724    34.3431    34.3456 0.0000e+00
      31138     2.9315   3.147754     2.9300   3.147821    931.468  -45.00424  -45.00008  73.055734    34.3433    34.3457 0.0000e+00
      31170     2.9304   3.147851     2.9290   3.147897    932.705  -45.00425  -45.00008  73.055749    34.3449    34.3470 0.0000e+00
      31184     2.9303   3.147882     2.9288   3.147952    933.210  -45.00426  -45.00008  73.055756    34.3452    34.3477 0.0000e+00
      31208     2.9303   3.147937     2.9287   3.148003    933.816  -45.00426  -45.00008  73.055767    34.3456    34.3481 0.0000e+00
      31288     2.9320   3.147903     2.9301   3.147992    934.047  -45.00424  -45.00010  73.055806    34.3432    34.3463 0.0000e+00
      31310     2.9306   3.148038     2.9290   3.148093    935.022  -45.00424  -45.00010  73.055816    34.3458    34.3482 0.0000e+00
      31331     2.9298   3.148231     2.9284   3.148265    936.426  -45.00424  -45.00008  73.055827    34.3483    34.3502 0.0000e+00
      31356     2.9284   3.148352     2.9269   3.148403    938.413  -45.00424  -45.00008  73.055839    34.3502    34.3524 0.0000e+00
      31381     2.9281   3.148411     2.9266   3.148474    940.112  -45.00424  -45.00008  73.055851    34.3504    34.3527 0.0000e+00
      31401     2.9280   3.148424     2.9265   3.148501    940.945  -45.00426  -45.00010  73.055860    34.3501    34.3527 0.0000e+00
      31430     2.9284   3.148454     2.9269   3.148529    941.477  -45.00426  -45.00010  73.055874    34.3498    34.3524 0.0000e+00
      31457     2.9281   3.148463     2.9271   3.148542    941.912  -45.00426  -45.00010  73.055887    34.3501    34.3521 0.0000e+00
      31477     2.9280   3.148521     2.9268   3.148575    942.449  -45.00426  -45.00010  73.055897    34.3506    34.3525 0.0000e+00
      31501     2.9278   3.148626     2.9264   3.148672    943.276  -45.00426  -45.00010  73.055909    34.3517    34.3537 0.0000e+00
