SBEDataProcessing_SAGA-CTD_example/tipo2/out2/st001.cnv
* Sea-Bird SBE 9 Data File:
* FileName = C:\Users\CTD01\Desktop\CTD_SAGA\ST001.hex
* Software Version Seasave V 7.26.7.121
* Temperature SN = 4669
* Conductivity SN = 3289
* Number of Bytes Per Scan = 37
* Number of Voltage Words = 4
* Number of Scans Averaged by the Deck Unit = 1
* NMEA Latitude = 47 00.83 S
* NMEA Longitude = 047 03.62 W
* NMEA UTC (Time) = Mar 12 2021 21:57:37
* NMEA baud rate = 9600
** Ship:Sarmiento de Gamboa
** Cruise:SAGA 10W
** Cast:  001
** Station:  001
** Depth:  5920
** Date:  12/03/2021
** Time:  21:57
# nquan = 12
# nvalues = 11090                       
# units = specified
# name 0 = scan: Scan Count
# name 1 = t090C: Temperature [ITS-90, deg C]
# name 2 = c0S/m: Conductivity [S/m]
# name 3 = t190C: Temperature, 2 [ITS-90, deg C]
# name 4 = c1S/m: Conductivity, 2 [S/m]
# name 5 = prDM: Pressure, Digiquartz [db]
# name 6 = latitude: Latitude [deg]
# name 7 = longitude: Longitude [deg]
# name 8 = timeJ: Julian Days
# name 9 = sal00: Salinity, Practical [PSU]
# name 10 = sal11: Salinity, Practical, 2 [PSU]
# name 11 = flag: flag
# span 0 =        103,     337498       
# span 1 =     0.3770,    14.5030       
# span 2 =   3.107175,   4.206371       
# span 3 =     0.3761,    14.5011       
# span 4 =   3.107314,   4.206162       
# span 5 =      0.532,   5372.681       
# span 6 =  -47.01394,  -47.01386       
# span 7 =  -47.06044,  -47.06028       
# span 8 =  71.915061,  72.077771       
# span 9 =    34.1519,    35.0369       
# span 10 =    34.1519,    35.0456      
# span 11 = 0.0000e+00, 0.0000e+00      
# interval = seconds: 1                 
# start_time = Mar 12 2021 21:57:37 [NMEA time, header]
# bad_flag = -9.990e-29
*END*
[from data line 5294]
     145450     0.4137   3.109588     0.4127   3.109736   5021.265  -47.01390  -47.06034  71.985155    34.6708    34.6738 0.0000e+00
     145469     0.4140   3.109602     0.4126   3.109760   5021.747  -47.01390  -47.06034  71.985163    34.6705    34.6739 0.0000e+00
     145556     0.4149   3.109705     0.4137   3.109838   5022.107  -47.01390  -47.06036  71.985206    34.6707    34.6737 0.0000e+00
     145574     0.4143   3.109695     0.4135   3.109852   5022.968  -47.01390  -47.06036  71.985214    34.6709    34.6738 0.0000e+00
     145597     0.4139   3.109709     0.4130   3.109859   5024.324  -47.01390  -47.06034  71.985226    34.6709    34.6738 0.0000e+00
     145621     0.4133   3.109708     0.4124   3.109842   5025.796  -47.01390  -47.06034  71.985237    34.6710    34.6736 0.0000e+00
     145644     0.4126   3.109685     0.4116   3.109833   5027.278  -47.01390  -47.06034  71.985248    34.6709    34.6737 0.0000e+00
     145667     0.4123   3.109698     0.4114   3.109843   5028.684  -47.01390  -47.06034  71.985260    34.6708    34.6736 0.0000e+00
     145692     0.4123   3.109729     0.4113   3.109863   5029.935  -47.01390  -47.06034  71.985272    34.6707    34.6734 0.0000e+00
     145715     0.4123   3.109752     0.4112   3.109887   5030.644  -47.01390  -47.06034  71.985282    34.6707    34.6736 0.0000e+00
     145742     0.4135   3.109849     0.4125   3.109985   5030.891  -47.01390  -47.06034  71.985296    34.6705    34.6733 0.0000e+00
     145790     0.4128   3.109818     0.4118   3.109961   5031.366  -47.01390  -47.06034  71.985319    34.6707    34.6735 0.0000e+00
     145809     0.4124   3.109805     0.4115   3.109967   5031.980  -47.01390  -47.06034  71.985328    34.6707    34.6738 0.0000e+00
     145836     0.4116   3.109769     0.4106   3.109903   5032.997  -47.01390  -47.06034  71.985341    34.6707    34.6735 0.0000e+00
     145865     0.4114   3.109785     0.4105   3.109937   5034.126  -47.01390  -47.06034  71.985355    34.6707    34.6736 0.0000e+00
     145882     0.4115   3.109813     0.4105   3.109951   5034.828  -47.01390  -47.06034  71.985363    34.6707    34.6734 0.0000e+00
     145905     0.4117   3.109877     0.4108   3.109995   5035.951  -47.01390  -47.06033  71.985374    34.6708    34.6733 0.0000e+00
     145934     0.4120   3.109955     0.4110   3.110083   5037.711  -47.01390  -47.06032  71.985388    34.6707    34.6734 0.0000e+00
     145958     0.4107   3.109891     0.4097   3.110028   5039.259  -47.01390  -47.06032  71.985400    34.6707    34.6735 0.0000e+00
     145983     0.4100   3.109869     0.4091   3.110019   5040.604  -47.01390  -47.06032  71.985412    34.6707    34.6735 0.0000e+00
     146010     0.4099   3.109873     0.4088   3.110028   5041.498  -47.01390  -47.06032  71.985425    34.6704    34.6736 0.0000e+00
     146066     0.4112   3.109997     0.4103   3.110160   5041.929  -47.01390  -47.06032  71.985452    34.6705    34.6735 0.0000e+00
     146103     0.4118   3.110027     0.4112   3.110221   5042.058  -47.01390  -47.06034  71.985470    34.6701    34.6732 0.0000e+00
     146127     0.4113   3.110024     0.4107   3.110224   5042.637  -47.01390  -47.06034  71.985481    34.6704    34.6735 0.0000e+00
     146151     0.4103   3.109993     0.4094   3.110134   5043.879  -47.01390  -47.06032  71.985493    34.6707    34.6733 0.0000e+00
     146173     0.4101   3.110035     0.4092   3.110176   5045.284  -47.01390  -47.06032  71.985504    34.6708    34.6734 0.0000e+00
     146196     0.4100   3.110053     0.4091   3.110203   5046.741  -47.01389  -47.06032  71.985514    34.6705    34.6734 0.0000e+00
     146221     0.4102   3.110132     0.4093   3.110276   5048.342  -47.01388  -47.06032  71.985527    34.6706    34.6735 0.0000e+00
     146247     0.4104   3.110189     0.4094   3.110333   5049.866  -47.01388  -47.06032  71.985539    34.6706    34.6734 0.0000e+00
     146269     0.4095   3.110141     0.4086   3.110308   5051.061  -47.01389  -47.06032  71.985550    34.6705    34.6735 0.0000e+00
     146289     0.4089   3.110108     0.4077   3.110264   5051.934  -47.01390  -47.06032  71.985559    34.6704    34.6735 0.0000e+00
     146309     0.4090   3.110151     0.4077   3.110250   5052.376  -47.01390  -47.06033  71.985569    34.6705    34.6732 0.0000e+00
     146418     0.4107   3.110301     0.4100   3.110453   5052.696  -47.01388  -47.06032  71.985622    34.6705    34.6732 0.0000e+00
     146436     0.4091   3.110215     0.4083   3.110377   5054.013  -47.01388  -47.06032  71.985630    34.6706    34.6735 0.0000e+00
     146462     0.4080   3.110175     0.4071   3.110313   5056.154  -47.01388  -47.06032  71.985643    34.6705    34.6731 0.0000e+00
     146483     0.4082   3.110251     0.4073   3.110386   5057.904  -47.01388  -47.06032  71.985653    34.6705    34.6732 0.0000e+00
     146506     0.4081   3.110274     0.4072   3.110415   5059.260  -47.01388  -47.06032  71.985664    34.6704    34.6731 0.0000e+00
     146537     0.4081   3.110285     0.4073   3.110427   5059.614  -47.01388  -47.06032  71.985679    34.6703    34.6730 0.0000e+00
     146557     0.4083   3.110315     0.4075   3.110455   5059.935  -47.01388  -47.06033  71.985689    34.6703    34.6730 0.0000e+00
     146588     0.4098   3.110449     0.4091   3.110592   5060.069  -47.01388  -47.06034  71.985704    34.6704    34.6730 0.0000e+00
     146603     0.4094   3.110410     0.4095   3.110641   5060.388  -47.01388  -47.06034  71.985711    34.6703    34.6730 0.0000e+00
     146632     0.4083   3.110343     0.4075   3.110524   5061.240  -47.01388  -47.06034  71.985725    34.6703    34.6733 0.0000e+00
     146649     0.4084   3.110389     0.4073   3.110530   5062.045  -47.01388  -47.06033  71.985733    34.6704    34.6733 0.0000e+00
     146677     0.4086   3.110474     0.4077   3.110601   5063.701  -47.01388  -47.06032  71.985747    34.6705    34.6731 0.0000e+00
     146700     0.4086   3.110534     0.4077   3.110661   5065.393  -47.01388  -47.06032  71.985758    34.6706    34.6732 0.0000e+00
     146723     0.4080   3.110528     0.4071   3.110663   5067.176  -47.01388  -47.06032  71.985769    34.6705    34.6732 0.0000e+00
     146745     0.4073   3.110510     0.4064   3.110641   5068.722  -47.01388  -47.06032  71.985779    34.6705    34.6731 0.0000e+00
     146772     0.4074   3.110539     0.4063   3.110653   5069.684  -47.01388  -47.06033  71.985792    34.6703    34.6728 0.0000e+00
     146877     0.4094   3.110734     0.4084   3.110882   5069.931  -47.01388  -47.06034  71.985843    34.6705    34.6735 0.0000e+00
     146895     0.4078   3.110616     0.4071   3.110791   5071.030  -47.01388  -47.06034  71.985852    34.6703    34.6733 0.0000e+00
     146915     0.4061   3.110516     0.4051   3.110671   5072.421  -47.01388  -47.06034  71.985861    34.6704    34.6733 0.0000e+00
     146941     0.4051   3.110481     0.4041   3.110618   5073.956  -47.01388  -47.06034  71.985874    34.6704    34.6731 0.0000e+00
     146963     0.4043   3.110439     0.4034   3.110592   5075.004  -47.01388  -47.06034  71.985885    34.6703    34.6731 0.0000e+00
     146990     0.4040   3.110444     0.4030   3.110579   5076.214  -47.01388  -47.06034  71.985897    34.6702    34.6729 0.0000e+00
     147007     0.4038   3.110451     0.4029   3.110607   5077.036  -47.01388  -47.06034  71.985906    34.6702    34.6731 0.0000e+00
     147037     0.4034   3.110478     0.4025   3.110615   5078.407  -47.01388  -47.06034  71.985920    34.6703    34.6730 0.0000e+00
     147057     0.4033   3.110470     0.4023   3.110617   5079.081  -47.01388  -47.06034  71.985929    34.6701    34.6730 0.0000e+00
     147075     0.4039   3.110533     0.4029   3.110630   5079.368  -47.01388  -47.06034  71.985938    34.6701    34.6724 0.0000e+00
     147138     0.4041   3.110563     0.4031   3.110702   5080.072  -47.01390  -47.06036  71.985969    34.6700    34.6728 0.0000e+00
     147157     0.4032   3.110531     0.4023   3.110683   5080.975  -47.01390  -47.06036  71.985978    34.6703    34.6731 0.0000e+00
     147181     0.4031   3.110551     0.4021   3.110699   5082.358  -47.01388  -47.06034  71.985990    34.6701    34.6729 0.0000e+00
     147206     0.4025   3.110549     0.4015   3.110701   5083.840  -47.01388  -47.06034  71.986002    34.6701    34.6730 0.0000e+00
     147226     0.4022   3.110557     0.4013   3.110702   5084.873  -47.01388  -47.06035  71.986011    34.6700    34.6728 0.0000e+00
     147247     0.4022   3.110594     0.4013   3.110739   5085.806  -47.01388  -47.06036  71.986021    34.6702    34.6730 0.0000e+00
     147276     0.4023   3.110602     0.4013   3.110739   5086.629  -47.01390  -47.06036  71.986035    34.6699    34.6727 0.0000e+00
     147325     0.4021   3.110629     0.4012   3.110756   5087.361  -47.01390  -47.06036  71.986059    34.6701    34.6727 0.0000e+00
     147352     0.4022   3.110651     0.4012   3.110793   5088.067  -47.01390  -47.06036  71.986072    34.6700    34.6728 0.0000e+00
     147375     0.4018   3.110646     0.4008   3.110795   5089.012  -47.01390  -47.06036  71.986083    34.6700    34.6729 0.0000e+00
     147397     0.4016   3.110661     0.4006   3.110805   5090.140  -47.01390  -47.06036  71.986094    34.6700    34.6728 0.0000e+00
     147420     0.4015   3.110706     0.4006   3.110844   5091.402  -47.01390  -47.06036  71.986105    34.6701    34.6728 0.0000e+00
     147441     0.4013   3.110724     0.4004   3.110870   5092.593  -47.01390  -47.06036  71.986115    34.6701    34.6729 0.0000e+00
     147463     0.4010   3.110715     0.3999   3.110873   5093.784  -47.01390  -47.06036  71.986126    34.6698    34.6729 0.0000e+00
     147493     0.4008   3.110729     0.3996   3.110885   5095.119  -47.01390  -47.06036  71.986140    34.6697    34.6729 0.0000e+00
     147511     0.4008   3.110713     0.3997   3.110890   5095.698  -47.01390  -47.06036  71.986149    34.6692    34.6726 0.0000e+00
     147596     0.4013   3.110825     0.4005   3.110972   5096.385  -47.01390  -47.06036  71.986189    34.6699    34.6725 0.0000e+00
     147611     0.4010   3.110815     0.4002   3.110989   5096.874  -47.01390  -47.06036  71.986197    34.6698    34.6728 0.0000e+00
     147636     0.4003   3.110796     0.3993   3.110943   5098.132  -47.01390  -47.06036  71.986209    34.6699    34.6727 0.0000e+00
     147660     0.3999   3.110824     0.3991   3.110964   5099.783  -47.01390  -47.06036  71.986221    34.6699    34.6726 0.0000e+00
     147688     0.3996   3.110858     0.3987   3.111007   5101.758  -47.01390  -47.06036  71.986234    34.6699    34.6727 0.0000e+00
     147707     0.3995   3.110882     0.3987   3.111035   5102.861  -47.01390  -47.06036  71.986243    34.6699    34.6727 0.0000e+00
     147734     0.3993   3.110882     0.3983   3.111037   5103.995  -47.01390  -47.06036  71.986256    34.6697    34.6727 0.0000e+00
     147749     0.3996   3.110918     0.3983   3.111058   5104.304  -47.01390  -47.06036  71.986264    34.6697    34.6729 0.0000e+00
     147780     0.4000   3.110939     0.3993   3.111128   5104.339  -47.01390  -47.06036  71.986278    34.6695    34.6726 0.0000e+00
     147803     0.4000   3.110966     0.3996   3.111145   5104.490  -47.01390  -47.06036  71.986289    34.6698    34.6724 0.0000e+00
     147835     0.3996   3.110978     0.3986   3.111114   5105.591  -47.01390  -47.06036  71.986305    34.6699    34.6727 0.0000e+00
     147852     0.3996   3.110998     0.3986   3.111144   5106.547  -47.01390  -47.06036  71.986313    34.6698    34.6727 0.0000e+00
     147878     0.3993   3.111025     0.3984   3.111177   5108.116  -47.01390  -47.06036  71.986326    34.6699    34.6726 0.0000e+00
     147903     0.3989   3.111031     0.3980   3.111174   5109.415  -47.01390  -47.06036  71.986338    34.6698    34.6726 0.0000e+00
     147923     0.3989   3.111040     0.3979   3.111193   5110.277  -47.01390  -47.06036  71.986348    34.6696    34.6726 0.0000e+00
     147949     0.3989   3.111062     0.3978   3.111205   5111.125  -47.01390  -47.06036  71.986360    34.6696    34.6725 0.0000e+00
     147974     0.3988   3.111078     0.3978   3.111223   5111.828  -47.01390  -47.06036  71.986372    34.6696    34.6725 0.0000e+00
     147997     0.3987   3.111095     0.3977   3.111242   5112.589  -47.01390  -47.06036  71.986383    34.6696    34.6724 0.0000e+00
     148021     0.3985   3.111120     0.3976   3.111277   5113.684  -47.01390  -47.06034  71.986395    34.6697    34.6726 0.0000e+00
     148044     0.3983   3.111138     0.3974   3.111287   5114.838  -47.01390  -47.06034  71.986406    34.6697    34.6725 0.0000e+00
     148067     0.3984   3.111179     0.3974   3.111307   5115.795  -47.01390  -47.06035  71.986417    34.6697    34.6724 0.0000e+00
     148093     0.3987   3.111231     0.3975   3.111312   5116.337  -47.01390  -47.06036  71.986430    34.6697    34.6722 0.0000e+00
     148143     0.3986   3.111218     0.3977   3.111358   5116.671  -47.01390  -47.06034  71.986454    34.6696    34.6723 0.0000e+00
     148166     0.3986   3.111254     0.3977   3.111395   5117.556  -47.01390  -47.06034  71.986464    34.6697    34.6725 0.0000e+00
     148190     0.3988   3.111325     0.3980   3.111455   5119.004  -47.01390  -47.06034  71.986476    34.6698    34.6723 0.0000e+00
     148211     0.3989   3.111371     0.3980   3.111512   5120.396  -47.01390  -47.06034  71.986486    34.6697    34.6724 0.0000e+00
     148236     0.3983   3.111360     0.3974   3.111513   5121.837  -47.01390  -47.06034  71.986498    34.6697    34.6725 0.0000e+00
     148261     0.3978   3.111346     0.3968   3.111466   5122.973  -47.01390  -47.06034  71.986510    34.6696    34.6722 0.0000e+00
     148283     0.3979   3.111365     0.3967   3.111506   5123.695  -47.01390  -47.06034  71.986521    34.6694    34.6724 0.0000e+00
     148306     0.3978   3.111397     0.3968   3.111528   5124.369  -47.01390  -47.06034  71.986532    34.6696    34.6723 0.0000e+00
     148327     0.3979   3.111399     0.3968   3.111552   5125.049  -47.01390  -47.06034  71.986542    34.6693    34.6724 0.0000e+00
     148362     0.3978   3.111416     0.3967   3.111593   5125.805  -47.01390  -47.06034  71.986559    34.6694    34.6727 0.0000e+00
     148406     0.3986   3.111500     0.3976   3.111656   5125.950  -47.01390  -47.06034  71.986580    34.6694    34.6725 0.0000e+00
     148430     0.3977   3.111453     0.3969   3.111618   5126.677  -47.01390  -47.06033  71.986592    34.6695    34.6724 0.0000e+00
     148452     0.3972   3.111473     0.3963   3.111604   5127.937  -47.01390  -47.06032  71.986602    34.6699    34.6724 0.0000e+00
     148476     0.3968   3.111486     0.3960   3.111633   5129.788  -47.01390  -47.06032  71.986614    34.6697    34.6724 0.0000e+00
     148502     0.3966   3.111523     0.3957   3.111674   5131.873  -47.01390  -47.06032  71.986627    34.6696    34.6725 0.0000e+00
     148519     0.3961   3.111528     0.3952   3.111647   5132.902  -47.01390  -47.06032  71.986635    34.6698    34.6722 0.0000e+00
     148547     0.3961   3.111527     0.3951   3.111665   5133.710  -47.01390  -47.06032  71.986649    34.6694    34.6722 0.0000e+00
     148597     0.3973   3.111629     0.3968   3.111799   5133.948  -47.01390  -47.06032  71.986672    34.6693    34.6720 0.0000e+00
     148619     0.3971   3.111632     0.3965   3.111804   5134.504  -47.01390  -47.06032  71.986683    34.6693    34.6722 0.0000e+00
     148646     0.3963   3.111605     0.3954   3.111760   5135.641  -47.01390  -47.06032  71.986696    34.6695    34.6724 0.0000e+00
     148668     0.3956   3.111592     0.3947   3.111738   5136.735  -47.01390  -47.06032  71.986707    34.6696    34.6723 0.0000e+00
     148693     0.3955   3.111607     0.3945   3.111758   5137.984  -47.01390  -47.06032  71.986719    34.6694    34.6723 0.0000e+00
     148718     0.3955   3.111637     0.3945   3.111785   5139.095  -47.01390  -47.06032  71.986731    34.6693    34.6723 0.0000e+00
