SBEDataProcessing_SAGA-CTD_example/tipo2/out2/st003.cnv
* Sea-Bird SBE 9 Data File:
* FileName = C:\Users\CTD01\Desktop\CTD_SAGA\ST003.hex
* Software Version Seasave V 7.26.7.121
* Temperature SN = 4669
* Conductivity SN = 3289
* Number of Bytes Per Scan = 37
* Number of Voltage Words = 4
* Number of Scans Averaged by the Deck Unit = 1
* NMEA Latitude = 45 00.25 S
* NMEA Longitude = 045 00.00 W
* NMEA UTC (Time) = Mar 14 2021 00:58:38
* NMEA baud rate = 9600
** Ship:Sarmiento de Gamboa
** Cruise:SAGA 10W
** Cast:  003
** Station:  003
** Depth:  5198
** Date:  14/03/2021
** Time:  00:58
# nquan = 12
# nvalues = 10736                       
# units = specified
# name 0 = scan: Scan Count
# name 1 = t090C: Temperature [ITS-90, deg C]
# name 2 = c0S/m: Conductivity [S/m]
# name 3 = t190C: Temperature, 2 [ITS-90, deg C]
# name 4 = c1S/m: Conductivity, 2 [S/m]
# name 5 = prDM: Pressure, Digiquartz [db]
# name 6 = latitude: Latitude [deg]
# name 7 = longitude: Longitude [deg]
# name 8 = timeJ: Julian Days
# name 9 = sal00: Salinity, Practical [PSU]
# name 10 = sal11: Salinity, Practical, 2 [PSU]
# name 11 = flag: flag
# span 0 =       1263,     315866       
# span 1 =     0.2828,    15.2972       
# span 2 =   3.085404,   4.268115       
# span 3 =     0.2817,    15.2963       
# span 4 =   3.085515,   4.267862       
# span 5 =      2.295,   5165.812       
# span 6 =  -45.00428,  -45.00422       
# span 7 =  -45.00016,  -45.00006       
# span 8 =  73.041326,  73.193044       
# span 9 =    34.1443,    34.8333       
# span 10 =    34.1485,    34.8357      
# span 11 = 0.0000e+00, 0.0000e+00      
# interval = seconds: 1                 
# start_time = Mar 14 2021 00:58:38 [NMEA time, header]
# bad_flag = -9.990e-29
*END*
[from data line 10587]
     306447     8.6380   3.645114     8.6520   3.645995    116.116  -45.00426  -45.00011  73.188502    34.5678    34.5635 0.0000e+00
     306463     8.6637   3.647451     8.6673   3.647469    115.183  -45.00426  -45.00010  73.188510    34.5678    34.5645 0.0000e+00
     306490     8.6389   3.645333     8.6565   3.646635    113.974  -45.00426  -45.00010  73.188523    34.5703    34.5668 0.0000e+00
     306516     8.6412   3.645414     8.6432   3.645271    113.237  -45.00426  -45.00010  73.188535    34.5692    34.5658 0.0000e+00
     306530     8.6242   3.643899     8.6475   3.645631    112.968  -45.00426  -45.00010  73.188542    34.5700    34.5655 0.0000e+00
     306555     8.5994   3.641553     8.6114   3.642892    112.583  -45.00426  -45.00012  73.188554    34.5696    34.5720 0.0000e+00
     306593     8.6140   3.642809     8.6232   3.643476    111.752  -45.00426  -45.00012  73.188573    34.5690    34.5670 0.0000e+00
     306614     8.6370   3.644939     8.6476   3.645544    110.991  -45.00426  -45.00012  73.188583    34.5694    34.5654 0.0000e+00
     306640     8.6871   3.649718     8.7087   3.651177    109.745  -45.00426  -45.00010  73.188595    34.5715    34.5657 0.0000e+00
     306661     8.7405   3.654564     8.7413   3.654315    108.699  -45.00426  -45.00010  73.188605    34.5709    34.5675 0.0000e+00
     306684     8.7466   3.655075     8.7492   3.655092    107.690  -45.00426  -45.00010  73.188616    34.5707    34.5684 0.0000e+00
     306715     8.7462   3.654886     8.7599   3.656180    106.577  -45.00426  -45.00010  73.188631    34.5696    34.5700 0.0000e+00
     306732     8.7313   3.653661     8.7606   3.656202    106.014  -45.00426  -45.00010  73.188639    34.5716    34.5698 0.0000e+00
     306756     8.7691   3.657229     8.7716   3.657271    105.098  -45.00426  -45.00010  73.188651    34.5727    34.5707 0.0000e+00
     306780     8.7817   3.658478     8.7870   3.658652    104.144  -45.00426  -45.00010  73.188663    34.5740    34.5707 0.0000e+00
     306806     8.8099   3.661267     8.8219   3.662164    103.173  -45.00426  -45.00010  73.188675    34.5763    34.5740 0.0000e+00
     306823     8.8010   3.660115     8.8163   3.661856    102.634  -45.00426  -45.00010  73.188683    34.5731    34.5765 0.0000e+00
     306855     8.7618   3.656603     8.8033   3.660812    101.876  -45.00426  -45.00010  73.188699    34.5748    34.5786 0.0000e+00
     306881     8.7747   3.657750     8.8163   3.661401    101.467  -45.00426  -45.00010  73.188711    34.5744    34.5723 0.0000e+00
     306923     8.7742   3.657934     8.7783   3.658227    100.534  -45.00426  -45.00010  73.188732    34.5773    34.5763 0.0000e+00
     306949     8.8346   3.663436     8.8341   3.663055     99.214  -45.00426  -45.00010  73.188744    34.5768    34.5734 0.0000e+00
     306974     8.8741   3.666865     8.8825   3.666964     97.539  -45.00426  -45.00010  73.188756    34.5752    34.5680 0.0000e+00
     306997     8.9294   3.672117     8.9409   3.672553     95.897  -45.00426  -45.00010  73.188767    34.5772    34.5706 0.0000e+00
     307021     8.9668   3.675637     8.9630   3.675117     94.430  -45.00426  -45.00010  73.188779    34.5784    34.5766 0.0000e+00
     307043     8.9258   3.671298     8.9040   3.669768     93.521  -45.00426  -45.00010  73.188789    34.5733    34.5784 0.0000e+00
     307071     8.9361   3.672656     8.9366   3.672935     92.857  -45.00426  -45.00010  73.188803    34.5778    34.5801 0.0000e+00
     307096     8.9177   3.670966     8.8968   3.669231     92.594  -45.00426  -45.00010  73.188815    34.5781    34.5802 0.0000e+00
     307109     8.9270   3.672027     8.8961   3.668684     92.542  -45.00426  -45.00010  73.188821    34.5802    34.5752 0.0000e+00
     307144     8.9954   3.678480     8.9965   3.678089     92.408  -45.00426  -45.00010  73.188838    34.5813    34.5761 0.0000e+00
     307164     8.9855   3.677610     8.9887   3.677729     92.083  -45.00426  -45.00010  73.188848    34.5819    34.5801 0.0000e+00
     307190     8.9394   3.673101     8.9242   3.671744     91.170  -45.00426  -45.00010  73.188861    34.5800    34.5806 0.0000e+00
     307214     8.9652   3.675606     8.9645   3.674898     89.867  -45.00426  -45.00010  73.188872    34.5818    34.5750 0.0000e+00
     307237     9.0428   3.682757     9.0556   3.683164     88.334  -45.00426  -45.00010  73.188883    34.5818    34.5736 0.0000e+00
     307255     9.0839   3.686552     9.0865   3.686256     87.153  -45.00426  -45.00010  73.188892    34.5822    34.5765 0.0000e+00
     307285     9.0930   3.687361     9.0898   3.687049     85.625  -45.00426  -45.00010  73.188906    34.5824    34.5824 0.0000e+00
     307309     9.0616   3.684498     9.0648   3.684925     84.677  -45.00426  -45.00010  73.188918    34.5835    34.5849 0.0000e+00
     307336     9.0778   3.685886     9.0336   3.681923     83.712  -45.00426  -45.00010  73.188931    34.5827    34.5842 0.0000e+00
     307356     9.1526   3.692804     9.1416   3.691089     82.980  -45.00426  -45.00011  73.188941    34.5827    34.5755 0.0000e+00
     307380     9.1382   3.691568     9.1357   3.691088     82.243  -45.00426  -45.00012  73.188952    34.5841    34.5815 0.0000e+00
     307398     9.1342   3.691253     9.0891   3.687034     81.861  -45.00426  -45.00012  73.188961    34.5848    34.5846 0.0000e+00
     307461     9.0852   3.686313     9.0995   3.687720     81.307  -45.00426  -45.00010  73.188991    34.5811    34.5820 0.0000e+00
     307478     9.1181   3.689634     9.0851   3.686520     80.805  -45.00426  -45.00010  73.188999    34.5841    34.5836 0.0000e+00
     307503     9.2374   3.700877     9.1870   3.694373     79.598  -45.00426  -45.00010  73.189011    34.5861    34.5672 0.0000e+00
     307527     9.4100   3.716423     9.4314   3.716726     78.073  -45.00426  -45.00010  73.189023    34.5813    34.5637 0.0000e+00
     307549     9.4936   3.723802     9.4941   3.722688     76.665  -45.00426  -45.00010  73.189033    34.5776    34.5656 0.0000e+00
     307571     9.5935   3.732605     9.6074   3.732172     75.318  -45.00426  -45.00010  73.189044    34.5728    34.5550 0.0000e+00
     307597     9.8028   3.751373     9.7709   3.747561     74.010  -45.00426  -45.00010  73.189057    34.5653    34.5568 0.0000e+00
     307609     9.6349   3.734737     9.4812   3.724500     73.623  -45.00426  -45.00010  73.189063    34.5557    34.5982 0.0000e+00
     308101     9.7634   3.748372     9.7564   3.747469     73.391  -45.00427  -45.00011  73.189300    34.5726    34.5700 0.0000e+00
     308122     9.7712   3.749820     9.7682   3.748844     73.013  -45.00426  -45.00010  73.189310    34.5802    34.5730 0.0000e+00
     308154     9.7705   3.749553     9.7251   3.745046     72.655  -45.00426  -45.00010  73.189325    34.5783    34.5756 0.0000e+00
     308180     9.7579   3.748793     9.7541   3.747513     72.122  -45.00426  -45.00010  73.189338    34.5828    34.5733 0.0000e+00
     308199     9.8650   3.758246     9.8447   3.755230     71.479  -45.00426  -45.00010  73.189347    34.5773    34.5658 0.0000e+00
     308222    10.0777   3.777680    10.1208   3.777786     70.432  -45.00426  -45.00010  73.189358    34.5728    34.5326 0.0000e+00
     308244    10.4081   3.807060    10.3993   3.804065     69.297  -45.00426  -45.00010  73.189369    34.5568    34.5348 0.0000e+00
     308269    10.6421   3.828653    10.5984   3.822703     67.995  -45.00426  -45.00010  73.189381    34.5532    34.5347 0.0000e+00
     308293    10.8000   3.842913    10.7596   3.837340     66.870  -45.00426  -45.00012  73.189393    34.5476    34.5298 0.0000e+00
     308317    10.9764   3.859755    10.9036   3.850100     65.908  -45.00426  -45.00012  73.189404    34.5501    34.5222 0.0000e+00
     308341    11.0969   3.870919    11.1470   3.873195     65.023  -45.00426  -45.00011  73.189416    34.5484    34.5241 0.0000e+00
     308364    11.1560   3.877216    11.1767   3.875914     64.348  -45.00426  -45.00010  73.189427    34.5558    34.5234 0.0000e+00
     308388    10.7489   3.839090    10.8402   3.850241     63.825  -45.00426  -45.00010  73.189438    34.5589    34.5844 0.0000e+00
     308415    10.5848   3.824860    10.8963   3.850224     63.398  -45.00426  -45.00010  73.189451    34.5714    34.5315 0.0000e+00
     308439    10.6351   3.830441    10.8197   3.845352     62.884  -45.00426  -45.00010  73.189463    34.5801    34.5552 0.0000e+00
     308462    11.5933   3.916333    11.2713   3.883226     62.050  -45.00426  -45.00010  73.189474    34.5343    34.5082 0.0000e+00
     308485    12.9839   4.048449    12.9091   4.025066     60.874  -45.00426  -45.00010  73.189485    34.5292    34.3750 0.0000e+00
     308509    14.3637   4.174150    14.1708   4.144245     59.547  -45.00426  -45.00010  73.189497    34.4655    34.3602 0.0000e+00
     308529    14.6511   4.201771    14.5038   4.183519     58.602  -45.00426  -45.00010  73.189506    34.4645    34.4278 0.0000e+00
     308553    14.6868   4.206196    14.5928   4.193440     57.551  -45.00426  -45.00010  73.189518    34.4739    34.4403 0.0000e+00
     308581    14.7110   4.208771    14.7042   4.205342     56.382  -45.00426  -45.00010  73.189531    34.4765    34.4511 0.0000e+00
     308602    14.6740   4.206463    14.7729   4.212004     55.665  -45.00426  -45.00010  73.189541    34.4883    34.4515 0.0000e+00
     308634    13.9825   4.142767    13.9455   4.141264     54.946  -45.00426  -45.00010  73.189557    34.5178    34.5371 0.0000e+00
     308653    14.0253   4.146560    14.0761   4.153949     54.685  -45.00426  -45.00010  73.189566    34.5148    34.5378 0.0000e+00
     308674    13.6883   4.115025    13.5438   4.107218     54.373  -45.00426  -45.00010  73.189576    34.5237    34.5811 0.0000e+00
     308705    13.7635   4.120300    13.6449   4.108492     53.619  -45.00426  -45.00010  73.189591    34.5057    34.5020 0.0000e+00
     308727    14.3188   4.175651    14.2730   4.164233     52.650  -45.00426  -45.00010  73.189602    34.5221    34.4575 0.0000e+00
     308751    14.8546   4.223946    14.8475   4.219647     51.272  -45.00426  -45.00010  73.189613    34.4900    34.4570 0.0000e+00
     308772    14.8996   4.228544    14.8950   4.225674     49.866  -45.00426  -45.00010  73.189623    34.4927    34.4706 0.0000e+00
     308796    14.9052   4.229413    14.8989   4.226927     48.431  -45.00426  -45.00010  73.189635    34.4962    34.4791 0.0000e+00
     308813    14.8243   4.221947    14.8165   4.220781     47.819  -45.00426  -45.00010  73.189643    34.4999    34.4963 0.0000e+00
     310127    14.8537   4.226883    14.8511   4.226250     47.291  -45.00426  -45.00012  73.190276    34.5193    34.5158 0.0000e+00
     310137    14.8640   4.227686    14.8611   4.226904     46.767  -45.00426  -45.00012  73.190282    34.5177    34.5131 0.0000e+00
     310164    14.8632   4.227566    14.8567   4.226974     45.883  -45.00426  -45.00012  73.190294    34.5176    34.5179 0.0000e+00
     310183    14.8680   4.228069    14.8653   4.227545     45.593  -45.00426  -45.00012  73.190304    34.5181    34.5157 0.0000e+00
     310239    14.8947   4.230465    14.8803   4.228904     45.437  -45.00426  -45.00010  73.190331    34.5163    34.5148 0.0000e+00
     310260    14.8821   4.229405    14.8721   4.228258     44.806  -45.00426  -45.00010  73.190341    34.5181    34.5164 0.0000e+00
     310284    14.8868   4.229746    14.8855   4.229312     43.576  -45.00426  -45.00010  73.190352    34.5175    34.5147 0.0000e+00
     310307    14.9080   4.231610    14.9069   4.231120     42.023  -45.00426  -45.00012  73.190364    34.5164    34.5129 0.0000e+00
     310330    14.9210   4.232689    14.9196   4.232314     40.645  -45.00426  -45.00012  73.190375    34.5152    34.5131 0.0000e+00
     310358    14.9099   4.231676    14.9015   4.230907     39.370  -45.00426  -45.00012  73.190388    34.5163    34.5168 0.0000e+00
     310380    14.9040   4.231102    14.9048   4.230935     38.639  -45.00426  -45.00012  73.190399    34.5166    34.5144 0.0000e+00
     310410    14.9133   4.231956    14.9136   4.231704     37.895  -45.00426  -45.00012  73.190413    34.5164    34.5139 0.0000e+00
     310428    14.9105   4.231706    14.9065   4.231148     37.550  -45.00426  -45.00010  73.190422    34.5168    34.5153 0.0000e+00
     310458    14.9171   4.232228    14.9150   4.231768     36.984  -45.00426  -45.00010  73.190436    34.5160    34.5136 0.0000e+00
     310477    14.9169   4.232169    14.9134   4.231735     36.566  -45.00426  -45.00010  73.190446    34.5157    34.5149 0.0000e+00
     310505    14.9222   4.232606    14.9209   4.232269     35.629  -45.00426  -45.00010  73.190459    34.5154    34.5135 0.0000e+00
     310525    14.9245   4.232789    14.9213   4.232273     34.674  -45.00426  -45.00012  73.190469    34.5154    34.5136 0.0000e+00
     310548    14.9271   4.232904    14.9263   4.232641     33.405  -45.00426  -45.00012  73.190480    34.5147    34.5130 0.0000e+00
     310572    14.9276   4.232879    14.9268   4.232638     31.996  -45.00426  -45.00012  73.190491    34.5146    34.5131 0.0000e+00
     310596    14.9286   4.232912    14.9278   4.232630     30.733  -45.00426  -45.00012  73.190503    34.5145    34.5127 0.0000e+00
     310618    14.9270   4.232735    14.9259   4.232503     29.910  -45.00426  -45.00012  73.190513    34.5147    34.5135 0.0000e+00
     310816    14.9251   4.232592    14.9234   4.232289     29.567  -45.00426  -45.00010  73.190609    34.5151    34.5139 0.0000e+00
     311685    14.9272   4.232810    14.9242   4.232361     29.532  -45.00426  -45.00012  73.191028    34.5153    34.5138 0.0000e+00
     311696    14.9266   4.232708    14.9242   4.232418     29.423  -45.00426  -45.00012  73.191033    34.5150    34.5145 0.0000e+00
     312192    14.9298   4.233024    14.9293   4.232845     29.214  -45.00426  -45.00012  73.191272    34.5151    34.5139 0.0000e+00
     312203    14.9297   4.233001    14.9290   4.232829     28.974  -45.00426  -45.00012  73.191278    34.5151    34.5142 0.0000e+00
     312978    14.9286   4.232901    14.9281   4.232732     28.587  -45.00426  -45.00012  73.191652    34.5153    34.5142 0.0000e+00
     312997    14.9307   4.233017    14.9301   4.232843     27.306  -45.00426  -45.00012  73.191661    34.5150    34.5139 0.0000e+00
     313019    14.9325   4.233101    14.9316   4.232904     25.936  -45.00426  -45.00012  73.191671    34.5148    34.5137 0.0000e+00
     313045    14.9319   4.233011    14.9306   4.232785     24.661  -45.00426  -45.00012  73.191684    34.5149    34.5141 0.0000e+00
     313069    14.9312   4.232922    14.9305   4.232750     24.029  -45.00426  -45.00012  73.191696    34.5151    34.5140 0.0000e+00
     313087    14.9303   4.232835    14.9296   4.232667     23.871  -45.00426  -45.00012  73.191704    34.5151    34.5142 0.0000e+00
     313171    14.9304   4.232842    14.9292   4.232603     23.792  -45.00426  -45.00010  73.191745    34.5151    34.5140 0.0000e+00
     313187    14.9304   4.232840    14.9291   4.232593     23.461  -45.00426  -45.00010  73.191753    34.5152    34.5141 0.0000e+00
     313212    14.9314   4.232883    14.9300   4.232617     22.775  -45.00426  -45.00010  73.191765    34.5149    34.5138 0.0000e+00
     313235    14.9315   4.232831    14.9294   4.232569     22.281  -45.00426  -45.00010  73.191776    34.5146    34.5141 0.0000e+00
     313266    14.9324   4.232916    14.9308   4.232731     22.022  -45.00426  -45.00010  73.191791    34.5147    34.5144 0.0000e+00
     313308    14.9332   4.233013    14.9309   4.232683     21.915  -45.00426  -45.00010  73.191811    34.5149    34.5140 0.0000e+00
     313329    14.9351   4.233205    14.9307   4.232681     21.772  -45.00426  -45.00010  73.191821    34.5151    34.5142 0.0000e+00
     313381    14.9374   4.233392    14.9356   4.233083     21.619  -45.00426  -45.00010  73.191846    34.5148    34.5136 0.0000e+00
