SBEDataProcessing_SAGA-CTD_example/tipo2/out2/st001.cnv
* Sea-Bird SBE 9 Data File:
* FileName = C:\Users\CTD01\Desktop\CTD_SAGA\ST001.hex
* Software Version Seasave V 7.26.7.121
* Temperature SN = 4669
* Conductivity SN = 3289
* Number of Bytes Per Scan = 37
* Number of Voltage Words = 4
* Number of Scans Averaged by the Deck Unit = 1
* NMEA Latitude = 47 00.83 S
* NMEA Longitude = 047 03.62 W
* NMEA UTC (Time) = Mar 12 2021 21:57:37
* NMEA baud rate = 9600
** Ship:Sarmiento de Gamboa
** Cruise:SAGA 10W
** Cast:  001
** Station:  001
** Depth:  5920
** Date:  12/03/2021
** Time:  21:57
# nquan = 12
# nvalues = 11090                       
# units = specified
# name 0 = scan: Scan Count
# name 1 = t090C: Temperature [ITS-90, deg C]
# name 2 = c0S/m: Conductivity [S/m]
# name 3 = t190C: Temperature, 2 [ITS-90, deg C]
# name 4 = c1S/m: Conductivity, 2 [S/m]
# name 5 = prDM: Pressure, Digiquartz [db]
# name 6 = latitude: Latitude [deg]
# name 7 = longitude: Longitude [deg]
# name 8 = timeJ: Julian Days
# name 9 = sal00: Salinity, Practical [PSU]
# name 10 = sal11: Salinity, Practical, 2 [PSU]
# name 11 = flag: flag
# span 0 =        103,     337498       
# span 1 =     0.3770,    14.5030       
# span 2 =   3.107175,   4.206371       
# span 3 =     0.3761,    14.5011       
# span 4 =   3.107314,   4.206162       
# span 5 =      0.532,   5372.681       
# span 6 =  -47.01394,  -47.01386       
# span 7 =  -47.06044,  -47.06028       
# span 8 =  71.915061,  72.077771       
# span 9 =    34.1519,    35.0369       
# span 10 =    34.1519,    35.0456      
# span 11 = 0.0000e+00, 0.0000e+00      
# interval = seconds: 1                 
# start_time = Mar 12 2021 21:57:37 [NMEA time, header]
# bad_flag = -9.990e-29
*END*
[from data line 5173]
     142120     0.4412   3.108101     0.4396   3.108190   4897.180  -47.01390  -47.06040  71.983549    34.6725    34.6753 0.0000e+00
     142144     0.4396   3.107989     0.4389   3.108151   4897.948  -47.01390  -47.06040  71.983560    34.6725    34.6752 0.0000e+00
     142166     0.4387   3.107975     0.4378   3.108110   4899.267  -47.01390  -47.06040  71.983571    34.6728    34.6754 0.0000e+00
     142189     0.4384   3.107993     0.4374   3.108143   4900.984  -47.01390  -47.06040  71.983582    34.6726    34.6756 0.0000e+00
     142209     0.4376   3.107980     0.4368   3.108133   4902.555  -47.01390  -47.06040  71.983592    34.6726    34.6755 0.0000e+00
     142233     0.4371   3.107960     0.4361   3.108124   4903.997  -47.01390  -47.06040  71.983603    34.6723    34.6755 0.0000e+00
     142282     0.4382   3.108062     0.4370   3.108191   4904.745  -47.01390  -47.06040  71.983627    34.6722    34.6750 0.0000e+00
     142309     0.4386   3.108124     0.4379   3.108277   4904.960  -47.01390  -47.06040  71.983640    34.6725    34.6751 0.0000e+00
     142331     0.4382   3.108084     0.4370   3.108245   4905.580  -47.01390  -47.06040  71.983651    34.6721    34.6754 0.0000e+00
     142359     0.4370   3.108051     0.4360   3.108193   4906.776  -47.01390  -47.06040  71.983664    34.6726    34.6753 0.0000e+00
     142379     0.4369   3.108067     0.4360   3.108207   4907.604  -47.01390  -47.06040  71.983674    34.6725    34.6752 0.0000e+00
     142403     0.4370   3.108101     0.4359   3.108228   4908.487  -47.01390  -47.06040  71.983685    34.6725    34.6752 0.0000e+00
     142430     0.4371   3.108137     0.4360   3.108266   4909.521  -47.01390  -47.06038  71.983698    34.6724    34.6752 0.0000e+00
     142453     0.4372   3.108176     0.4362   3.108316   4910.632  -47.01390  -47.06038  71.983709    34.6723    34.6751 0.0000e+00
     142476     0.4371   3.108232     0.4361   3.108377   4911.994  -47.01390  -47.06038  71.983721    34.6726    34.6754 0.0000e+00
     142500     0.4372   3.108282     0.4361   3.108404   4913.446  -47.01390  -47.06038  71.983732    34.6725    34.6752 0.0000e+00
     142522     0.4370   3.108285     0.4360   3.108435   4914.627  -47.01390  -47.06038  71.983742    34.6723    34.6753 0.0000e+00
     142624     0.4379   3.108398     0.4370   3.108527   4915.287  -47.01390  -47.06038  71.983792    34.6725    34.6751 0.0000e+00
     142644     0.4373   3.108399     0.4364   3.108531   4916.466  -47.01390  -47.06038  71.983802    34.6726    34.6753 0.0000e+00
     142667     0.4363   3.108352     0.4354   3.108503   4918.217  -47.01390  -47.06037  71.983812    34.6724    34.6753 0.0000e+00
     142689     0.4356   3.108333     0.4347   3.108497   4919.980  -47.01390  -47.06036  71.983823    34.6723    34.6753 0.0000e+00
     142713     0.4349   3.108305     0.4339   3.108450   4921.178  -47.01390  -47.06036  71.983835    34.6722    34.6751 0.0000e+00
     142731     0.4353   3.108338     0.4341   3.108482   4921.611  -47.01390  -47.06036  71.983844    34.6720    34.6751 0.0000e+00
     142788     0.4358   3.108430     0.4348   3.108570   4922.489  -47.01390  -47.06036  71.983871    34.6722    34.6750 0.0000e+00
     142818     0.4345   3.108369     0.4334   3.108504   4923.694  -47.01390  -47.06036  71.983885    34.6724    34.6752 0.0000e+00
     142834     0.4342   3.108361     0.4333   3.108509   4924.503  -47.01390  -47.06036  71.983893    34.6723    34.6751 0.0000e+00
     142859     0.4341   3.108389     0.4331   3.108529   4925.682  -47.01390  -47.06036  71.983905    34.6722    34.6751 0.0000e+00
     142888     0.4336   3.108392     0.4327   3.108530   4926.976  -47.01390  -47.06036  71.983919    34.6723    34.6750 0.0000e+00
     142902     0.4335   3.108400     0.4325   3.108532   4927.591  -47.01390  -47.06036  71.983926    34.6723    34.6750 0.0000e+00
     142935     0.4336   3.108441     0.4325   3.108601   4928.968  -47.01390  -47.06036  71.983942    34.6722    34.6753 0.0000e+00
     142954     0.4337   3.108460     0.4326   3.108604   4929.747  -47.01390  -47.06036  71.983951    34.6719    34.6749 0.0000e+00
     142985     0.4335   3.108481     0.4325   3.108634   4930.729  -47.01390  -47.06036  71.983966    34.6721    34.6751 0.0000e+00
     143002     0.4333   3.108489     0.4325   3.108629   4931.113  -47.01390  -47.06035  71.983974    34.6722    34.6748 0.0000e+00
     143030     0.4334   3.108508     0.4324   3.108652   4931.577  -47.01390  -47.06034  71.983988    34.6721    34.6750 0.0000e+00
     143055     0.4335   3.108523     0.4324   3.108661   4932.041  -47.01390  -47.06034  71.984000    34.6721    34.6750 0.0000e+00
     143077     0.4334   3.108536     0.4324   3.108681   4932.664  -47.01390  -47.06034  71.984010    34.6721    34.6749 0.0000e+00
     143100     0.4334   3.108566     0.4324   3.108720   4933.586  -47.01390  -47.06033  71.984021    34.6720    34.6750 0.0000e+00
     143123     0.4334   3.108612     0.4325   3.108767   4934.821  -47.01390  -47.06033  71.984033    34.6721    34.6750 0.0000e+00
     143148     0.4335   3.108664     0.4325   3.108819   4936.367  -47.01390  -47.06034  71.984045    34.6721    34.6751 0.0000e+00
     143169     0.4331   3.108685     0.4322   3.108846   4937.672  -47.01390  -47.06034  71.984055    34.6723    34.6752 0.0000e+00
     143196     0.4329   3.108703     0.4319   3.108851   4939.033  -47.01390  -47.06034  71.984068    34.6721    34.6750 0.0000e+00
     143223     0.4327   3.108705     0.4317   3.108854   4939.820  -47.01390  -47.06034  71.984080    34.6721    34.6750 0.0000e+00
     143245     0.4329   3.108727     0.4317   3.108868   4940.193  -47.01390  -47.06034  71.984091    34.6719    34.6750 0.0000e+00
     143278     0.4329   3.108736     0.4318   3.108908   4940.970  -47.01390  -47.06034  71.984107    34.6717    34.6751 0.0000e+00
     143290     0.4329   3.108783     0.4318   3.108914   4941.481  -47.01390  -47.06033  71.984113    34.6722    34.6749 0.0000e+00
     143318     0.4330   3.108822     0.4320   3.108976   4942.709  -47.01390  -47.06032  71.984126    34.6720    34.6750 0.0000e+00
     143340     0.4325   3.108815     0.4316   3.108973   4943.664  -47.01388  -47.06032  71.984137    34.6721    34.6750 0.0000e+00
     143390     0.4332   3.108882     0.4319   3.109005   4944.581  -47.01390  -47.06034  71.984161    34.6718    34.6747 0.0000e+00
     143416     0.4328   3.108868     0.4314   3.108983   4945.056  -47.01390  -47.06034  71.984174    34.6719    34.6749 0.0000e+00
     143441     0.4314   3.108792     0.4305   3.108945   4946.148  -47.01390  -47.06034  71.984186    34.6720    34.6749 0.0000e+00
     143458     0.4316   3.108845     0.4306   3.108983   4947.191  -47.01390  -47.06034  71.984194    34.6720    34.6748 0.0000e+00
     143487     0.4313   3.108889     0.4304   3.109015   4949.150  -47.01390  -47.06034  71.984208    34.6721    34.6747 0.0000e+00
     143508     0.4312   3.108907     0.4302   3.109047   4950.542  -47.01390  -47.06034  71.984218    34.6719    34.6747 0.0000e+00
     143534     0.4307   3.108892     0.4296   3.109048   4951.745  -47.01390  -47.06034  71.984231    34.6718    34.6749 0.0000e+00
     143555     0.4304   3.108878     0.4290   3.109007   4952.318  -47.01390  -47.06034  71.984241    34.6717    34.6747 0.0000e+00
     143610     0.4315   3.109023     0.4304   3.109128   4952.605  -47.01390  -47.06034  71.984267    34.6722    34.6747 0.0000e+00
     143629     0.4323   3.109056     0.4304   3.109138   4952.934  -47.01390  -47.06034  71.984276    34.6717    34.6747 0.0000e+00
     143648     0.4305   3.108945     0.4296   3.109100   4953.514  -47.01390  -47.06034  71.984285    34.6719    34.6748 0.0000e+00
     143676     0.4290   3.108868     0.4280   3.108996   4954.826  -47.01390  -47.06034  71.984299    34.6720    34.6747 0.0000e+00
     143702     0.4292   3.108919     0.4283   3.109061   4956.187  -47.01390  -47.06034  71.984312    34.6719    34.6746 0.0000e+00
     143724     0.4293   3.108972     0.4284   3.109091   4957.384  -47.01390  -47.06034  71.984322    34.6719    34.6744 0.0000e+00
     143750     0.4293   3.109005     0.4284   3.109158   4958.796  -47.01390  -47.06036  71.984335    34.6718    34.6747 0.0000e+00
     143769     0.4289   3.109004     0.4279   3.109149   4959.904  -47.01390  -47.06036  71.984344    34.6718    34.6747 0.0000e+00
     143796     0.4288   3.109046     0.4278   3.109183   4961.365  -47.01390  -47.06036  71.984357    34.6719    34.6746 0.0000e+00
     143820     0.4288   3.109083     0.4279   3.109232   4962.501  -47.01390  -47.06036  71.984369    34.6719    34.6747 0.0000e+00
     143904     0.4292   3.109087     0.4283   3.109233   4963.270  -47.01390  -47.06036  71.984409    34.6712    34.6739 0.0000e+00
     143928     0.4296   3.109183     0.4283   3.109271   4963.350  -47.01390  -47.06036  71.984421    34.6719    34.6744 0.0000e+00
     143943     0.4295   3.109180     0.4284   3.109285   4963.672  -47.01390  -47.06036  71.984428    34.6718    34.6743 0.0000e+00
     143967     0.4291   3.109163     0.4281   3.109315   4964.670  -47.01390  -47.06038  71.984440    34.6717    34.6747 0.0000e+00
     143988     0.4283   3.109140     0.4273   3.109294   4966.023  -47.01390  -47.06038  71.984450    34.6717    34.6747 0.0000e+00
     144013     0.4268   3.109071     0.4258   3.109225   4967.851  -47.01390  -47.06038  71.984462    34.6718    34.6747 0.0000e+00
     144035     0.4265   3.109111     0.4255   3.109241   4969.568  -47.01390  -47.06038  71.984472    34.6718    34.6746 0.0000e+00
     144063     0.4262   3.109130     0.4252   3.109280   4971.472  -47.01390  -47.06038  71.984486    34.6717    34.6746 0.0000e+00
     144082     0.4257   3.109109     0.4246   3.109256   4972.397  -47.01390  -47.06038  71.984495    34.6716    34.6746 0.0000e+00
     144103     0.4264   3.109186     0.4251   3.109278   4972.849  -47.01390  -47.06038  71.984505    34.6716    34.6741 0.0000e+00
     144209     0.4285   3.109399     0.4273   3.109531   4973.468  -47.01390  -47.06038  71.984556    34.6717    34.6747 0.0000e+00
     144229     0.4260   3.109216     0.4250   3.109379   4974.699  -47.01390  -47.06038  71.984566    34.6717    34.6748 0.0000e+00
     144254     0.4246   3.109144     0.4235   3.109293   4976.540  -47.01390  -47.06038  71.984578    34.6715    34.6745 0.0000e+00
     144276     0.4237   3.109121     0.4228   3.109282   4977.970  -47.01390  -47.06038  71.984589    34.6716    34.6746 0.0000e+00
     144299     0.4229   3.109077     0.4220   3.109240   4979.082  -47.01390  -47.06038  71.984600    34.6715    34.6745 0.0000e+00
     144319     0.4229   3.109126     0.4219   3.109258   4979.858  -47.01390  -47.06038  71.984609    34.6717    34.6745 0.0000e+00
     144348     0.4227   3.109121     0.4218   3.109264   4980.809  -47.01390  -47.06040  71.984623    34.6715    34.6743 0.0000e+00
     144375     0.4225   3.109110     0.4215   3.109262   4981.642  -47.01390  -47.06040  71.984636    34.6713    34.6742 0.0000e+00
     144397     0.4224   3.109136     0.4213   3.109279   4982.342  -47.01390  -47.06040  71.984647    34.6714    34.6743 0.0000e+00
     144424     0.4227   3.109190     0.4218   3.109346   4983.211  -47.01390  -47.06040  71.984660    34.6714    34.6744 0.0000e+00
     144447     0.4223   3.109183     0.4214   3.109306   4983.880  -47.01390  -47.06040  71.984671    34.6715    34.6740 0.0000e+00
     144472     0.4224   3.109167     0.4212   3.109314   4984.432  -47.01390  -47.06040  71.984683    34.6710    34.6741 0.0000e+00
     144520     0.4219   3.109192     0.4209   3.109310   4985.297  -47.01390  -47.06040  71.984706    34.6715    34.6741 0.0000e+00
     144543     0.4218   3.109203     0.4208   3.109342   4986.242  -47.01390  -47.06040  71.984717    34.6713    34.6742 0.0000e+00
     144567     0.4221   3.109274     0.4211   3.109414   4987.684  -47.01390  -47.06040  71.984729    34.6714    34.6742 0.0000e+00
     144587     0.4221   3.109338     0.4213   3.109469   4989.024  -47.01390  -47.06040  71.984739    34.6715    34.6741 0.0000e+00
     144614     0.4222   3.109378     0.4212   3.109526   4990.593  -47.01390  -47.06040  71.984752    34.6714    34.6743 0.0000e+00
     144638     0.4222   3.109383     0.4211   3.109536   4991.546  -47.01390  -47.06038  71.984763    34.6711    34.6741 0.0000e+00
     144685     0.4222   3.109403     0.4213   3.109566   4992.333  -47.01390  -47.06038  71.984786    34.6710    34.6740 0.0000e+00
     144703     0.4222   3.109415     0.4209   3.109586   4992.676  -47.01390  -47.06038  71.984795    34.6711    34.6746 0.0000e+00
     144733     0.4214   3.109395     0.4205   3.109536   4993.581  -47.01390  -47.06038  71.984809    34.6713    34.6740 0.0000e+00
     144756     0.4212   3.109393     0.4202   3.109541   4994.323  -47.01390  -47.06038  71.984820    34.6712    34.6741 0.0000e+00
     144781     0.4207   3.109404     0.4198   3.109529   4995.205  -47.01390  -47.06038  71.984832    34.6714    34.6741 0.0000e+00
     144805     0.4200   3.109370     0.4192   3.109514   4996.238  -47.01390  -47.06038  71.984844    34.6714    34.6741 0.0000e+00
     144827     0.4195   3.109350     0.4186   3.109494   4997.405  -47.01390  -47.06038  71.984854    34.6712    34.6740 0.0000e+00
     144855     0.4193   3.109377     0.4184   3.109524   4998.923  -47.01390  -47.06038  71.984868    34.6712    34.6740 0.0000e+00
     144881     0.4190   3.109399     0.4182   3.109557   5000.226  -47.01390  -47.06038  71.984880    34.6712    34.6741 0.0000e+00
     144900     0.4190   3.109400     0.4179   3.109561   5001.030  -47.01390  -47.06038  71.984890    34.6710    34.6741 0.0000e+00
     144933     0.4188   3.109406     0.4178   3.109556   5001.987  -47.01390  -47.06038  71.984905    34.6709    34.6738 0.0000e+00
     145006     0.4195   3.109527     0.4187   3.109697   5002.612  -47.01390  -47.06038  71.984941    34.6713    34.6743 0.0000e+00
     145009     0.4197   3.109551     0.4184   3.109665   5002.676  -47.01390  -47.06038  71.984942    34.6714    34.6742 0.0000e+00
     145047     0.4190   3.109510     0.4179   3.109654   5004.111  -47.01390  -47.06038  71.984961    34.6711    34.6740 0.0000e+00
     145070     0.4188   3.109542     0.4180   3.109699   5005.333  -47.01390  -47.06038  71.984971    34.6712    34.6741 0.0000e+00
     145092     0.4181   3.109533     0.4171   3.109676   5006.781  -47.01390  -47.06038  71.984982    34.6713    34.6741 0.0000e+00
     145116     0.4178   3.109548     0.4168   3.109685   5008.438  -47.01390  -47.06038  71.984994    34.6711    34.6739 0.0000e+00
     145136     0.4176   3.109573     0.4166   3.109724   5009.772  -47.01390  -47.06037  71.985003    34.6711    34.6741 0.0000e+00
     145164     0.4175   3.109620     0.4166   3.109746   5011.088  -47.01390  -47.06036  71.985017    34.6713    34.6738 0.0000e+00
     145248     0.4185   3.109668     0.4181   3.109916   5011.467  -47.01390  -47.06036  71.985057    34.6707    34.6742 0.0000e+00
     145264     0.4182   3.109688     0.4174   3.109856   5012.043  -47.01390  -47.06036  71.985065    34.6711    34.6739 0.0000e+00
     145282     0.4168   3.109600     0.4160   3.109772   5012.930  -47.01390  -47.06037  71.985074    34.6711    34.6741 0.0000e+00
     145311     0.4159   3.109587     0.4151   3.109725   5014.554  -47.01390  -47.06038  71.985088    34.6712    34.6738 0.0000e+00
     145331     0.4160   3.109615     0.4151   3.109765   5015.606  -47.01390  -47.06037  71.985098    34.6710    34.6739 0.0000e+00
     145367     0.4159   3.109625     0.4146   3.109752   5017.182  -47.01390  -47.06036  71.985114    34.6707    34.6736 0.0000e+00
     145380     0.4154   3.109633     0.4145   3.109782   5017.786  -47.01390  -47.06035  71.985121    34.6710    34.6739 0.0000e+00
     145405     0.4144   3.109583     0.4135   3.109727   5019.016  -47.01390  -47.06034  71.985133    34.6710    34.6737 0.0000e+00
