SBEDataProcessing_SAGA-CTD_example/tipo2/out2/st003.cnv
* Sea-Bird SBE 9 Data File:
* FileName = C:\Users\CTD01\Desktop\CTD_SAGA\ST003.hex
* Software Version Seasave V 7.26.7.121
* Temperature SN = 4669
* Conductivity SN = 3289
* Number of Bytes Per Scan = 37
* Number of Voltage Words = 4
* Number of Scans Averaged by the Deck Unit = 1
* NMEA Latitude = 45 00.25 S
* NMEA Longitude = 045 00.00 W
* NMEA UTC (Time) = Mar 14 2021 00:58:38
* NMEA baud rate = 9600
** Ship:Sarmiento de Gamboa
** Cruise:SAGA 10W
** Cast:  003
** Station:  003
** Depth:  5198
** Date:  14/03/2021
** Time:  00:58
# nquan = 12
# nvalues = 10736                       
# units = specified
# name 0 = scan: Scan Count
# name 1 = t090C: Temperature [ITS-90, deg C]
# name 2 = c0S/m: Conductivity [S/m]
# name 3 = t190C: Temperature, 2 [ITS-90, deg C]
# name 4 = c1S/m: Conductivity, 2 [S/m]
# name 5 = prDM: Pressure, Digiquartz [db]
# name 6 = latitude: Latitude [deg]
# name 7 = longitude: Longitude [deg]
# name 8 = timeJ: Julian Days
# name 9 = sal00: Salinity, Practical [PSU]
# name 10 = sal11: Salinity, Practical, 2 [PSU]
# name 11 = flag: flag
# span 0 =       1263,     315866       
# span 1 =     0.2828,    15.2972       
# span 2 =   3.085404,   4.268115       
# span 3 =     0.2817,    15.2963       
# span 4 =   3.085515,   4.267862       
# span 5 =      2.295,   5165.812       
# span 6 =  -45.00428,  -45.00422       
# span 7 =  -45.00016,  -45.00006       
# span 8 =  73.041326,  73.193044       
# span 9 =    34.1443,    34.8333       
# span 10 =    34.1485,    34.8357      
# span 11 = 0.0000e+00, 0.0000e+00      
# interval = seconds: 1                 
# start_time = Mar 14 2021 00:58:38 [NMEA time, header]
# bad_flag = -9.990e-29
*END*
[from data line 1564]
      44146     2.7571   3.173529     2.7556   3.173622   1396.965  -45.00426  -45.00010  73.062007    34.6012    34.6039 0.0000e+00
      44169     2.7562   3.173515     2.7549   3.173577   1397.483  -45.00426  -45.00010  73.062018    34.6017    34.6038 0.0000e+00
      44196     2.7557   3.173524     2.7543   3.173609   1398.255  -45.00426  -45.00010  73.062031    34.6019    34.6044 0.0000e+00
      44221     2.7557   3.173595     2.7543   3.173658   1399.106  -45.00426  -45.00010  73.062043    34.6024    34.6046 0.0000e+00
      44246     2.7561   3.173678     2.7546   3.173731   1399.964  -45.00426  -45.00010  73.062055    34.6025    34.6047 0.0000e+00
      44269     2.7569   3.173824     2.7553   3.173869   1400.875  -45.00426  -45.00010  73.062066    34.6030    34.6052 0.0000e+00
      44295     2.7592   3.174162     2.7577   3.174192   1402.046  -45.00426  -45.00009  73.062078    34.6040    34.6059 0.0000e+00
      44316     2.7608   3.174425     2.7594   3.174453   1403.099  -45.00426  -45.00008  73.062089    34.6050    34.6068 0.0000e+00
      44337     2.7622   3.174646     2.7606   3.174702   1404.134  -45.00426  -45.00008  73.062099    34.6056    34.6079 0.0000e+00
      44365     2.7637   3.174894     2.7622   3.174924   1405.266  -45.00426  -45.00008  73.062112    34.6065    34.6085 0.0000e+00
      44390     2.7642   3.175053     2.7627   3.175072   1406.120  -45.00426  -45.00008  73.062125    34.6075    34.6093 0.0000e+00
      44412     2.7634   3.175047     2.7618   3.175127   1406.852  -45.00426  -45.00008  73.062135    34.6078    34.6105 0.0000e+00
      44440     2.7634   3.175104     2.7619   3.175158   1407.731  -45.00426  -45.00010  73.062148    34.6080    34.6103 0.0000e+00
      44459     2.7638   3.175189     2.7623   3.175272   1408.257  -45.00426  -45.00010  73.062157    34.6085    34.6110 0.0000e+00
      44486     2.7637   3.175236     2.7621   3.175293   1408.993  -45.00426  -45.00010  73.062171    34.6088    34.6111 0.0000e+00
      44508     2.7640   3.175323     2.7625   3.175370   1409.616  -45.00426  -45.00010  73.062181    34.6092    34.6113 0.0000e+00
      44532     2.7644   3.175419     2.7630   3.175475   1410.387  -45.00426  -45.00010  73.062193    34.6095    34.6117 0.0000e+00
      44555     2.7647   3.175498     2.7633   3.175547   1411.283  -45.00426  -45.00008  73.062204    34.6097    34.6117 0.0000e+00
      44580     2.7649   3.175582     2.7635   3.175637   1412.378  -45.00426  -45.00008  73.062216    34.6099    34.6120 0.0000e+00
      44603     2.7647   3.175607     2.7632   3.175684   1413.419  -45.00426  -45.00008  73.062227    34.6099    34.6124 0.0000e+00
      44627     2.7649   3.175699     2.7634   3.175746   1414.521  -45.00426  -45.00008  73.062238    34.6102    34.6124 0.0000e+00
      44651     2.7692   3.176243     2.7676   3.176246   1415.647  -45.00426  -45.00008  73.062250    34.6117    34.6135 0.0000e+00
      44677     2.7713   3.176566     2.7699   3.176622   1416.806  -45.00426  -45.00008  73.062263    34.6128    34.6150 0.0000e+00
      44702     2.7684   3.176355     2.7667   3.176409   1417.713  -45.00426  -45.00008  73.062275    34.6129    34.6154 0.0000e+00
      44713     2.7668   3.176262     2.7645   3.176232   1417.966  -45.00426  -45.00008  73.062280    34.6133    34.6155 0.0000e+00
      44754     2.7683   3.176363     2.7670   3.176441   1418.526  -45.00426  -45.00008  73.062299    34.6127    34.6150 0.0000e+00
      44779     2.7683   3.176420     2.7659   3.176425   1418.924  -45.00426  -45.00008  73.062312    34.6132    34.6158 0.0000e+00
      44788     2.7674   3.176369     2.7663   3.176438   1419.151  -45.00426  -45.00008  73.062316    34.6134    34.6154 0.0000e+00
      44821     2.7672   3.176498     2.7658   3.176533   1420.513  -45.00426  -45.00008  73.062332    34.6144    34.6164 0.0000e+00
      44845     2.7643   3.176291     2.7630   3.176394   1421.738  -45.00426  -45.00008  73.062344    34.6144    34.6170 0.0000e+00
      44871     2.7585   3.175838     2.7572   3.175939   1423.223  -45.00426  -45.00008  73.062357    34.6144    34.6170 0.0000e+00
      44891     2.7567   3.175729     2.7554   3.175821   1424.274  -45.00426  -45.00008  73.062366    34.6144    34.6169 0.0000e+00
      44914     2.7559   3.175744     2.7545   3.175810   1425.421  -45.00426  -45.00006  73.062377    34.6149    34.6172 0.0000e+00
      44937     2.7560   3.175786     2.7545   3.175854   1426.290  -45.00426  -45.00006  73.062388    34.6149    34.6172 0.0000e+00
      44964     2.7569   3.175926     2.7555   3.175993   1427.107  -45.00426  -45.00006  73.062401    34.6152    34.6175 0.0000e+00
      44980     2.7570   3.175958     2.7556   3.176042   1427.469  -45.00426  -45.00006  73.062409    34.6152    34.6177 0.0000e+00
      45039     2.7584   3.176050     2.7580   3.176171   1427.976  -45.00426  -45.00007  73.062437    34.6146    34.6165 0.0000e+00
      45062     2.7558   3.175915     2.7542   3.175996   1428.598  -45.00426  -45.00008  73.062448    34.6155    34.6181 0.0000e+00
      45086     2.7542   3.175850     2.7528   3.175930   1429.846  -45.00426  -45.00008  73.062460    34.6157    34.6181 0.0000e+00
      45108     2.7537   3.175894     2.7524   3.175970   1431.472  -45.00426  -45.00008  73.062471    34.6159    34.6183 0.0000e+00
      45133     2.7536   3.176067     2.7521   3.176127   1433.468  -45.00426  -45.00008  73.062483    34.6172    34.6194 0.0000e+00
      45156     2.7511   3.175973     2.7497   3.176055   1435.056  -45.00426  -45.00008  73.062494    34.6179    34.6203 0.0000e+00
      45174     2.7517   3.176036     2.7497   3.176086   1435.796  -45.00426  -45.00008  73.062502    34.6177    34.6203 0.0000e+00
      45274     2.7540   3.176168     2.7529   3.176253   1436.369  -45.00426  -45.00006  73.062550    34.6164    34.6187 0.0000e+00
      45301     2.7574   3.176816     2.7555   3.176756   1437.679  -45.00426  -45.00006  73.062563    34.6201    34.6213 0.0000e+00
      45326     2.7629   3.177500     2.7614   3.177546   1438.993  -45.00426  -45.00006  73.062576    34.6218    34.6240 0.0000e+00
      45349     2.7592   3.177333     2.7579   3.177428   1440.226  -45.00426  -45.00006  73.062587    34.6231    34.6256 0.0000e+00
      45374     2.7563   3.177193     2.7548   3.177276   1441.623  -45.00426  -45.00006  73.062599    34.6238    34.6264 0.0000e+00
      45397     2.7553   3.177218     2.7540   3.177286   1442.881  -45.00426  -45.00006  73.062610    34.6245    34.6268 0.0000e+00
      45422     2.7561   3.177397     2.7546   3.177454   1444.258  -45.00426  -45.00006  73.062622    34.6252    34.6274 0.0000e+00
      45444     2.7557   3.177432     2.7543   3.177483   1445.124  -45.00426  -45.00006  73.062632    34.6256    34.6277 0.0000e+00
      45465     2.7553   3.177424     2.7539   3.177496   1445.648  -45.00426  -45.00006  73.062643    34.6256    34.6279 0.0000e+00
      45488     2.7556   3.177452     2.7541   3.177532   1445.940  -45.00426  -45.00006  73.062654    34.6254    34.6280 0.0000e+00
      45544     2.7566   3.177438     2.7552   3.177513   1446.182  -45.00426  -45.00008  73.062681    34.6241    34.6265 0.0000e+00
      45568     2.7570   3.177530     2.7552   3.177581   1446.718  -45.00426  -45.00008  73.062692    34.6245    34.6270 0.0000e+00
      45587     2.7574   3.177756     2.7559   3.177777   1447.646  -45.00426  -45.00008  73.062702    34.6264    34.6283 0.0000e+00
      45614     2.7597   3.178074     2.7581   3.178092   1449.456  -45.00426  -45.00008  73.062714    34.6269    34.6288 0.0000e+00
      45635     2.7573   3.177946     2.7560   3.178019   1451.167  -45.00426  -45.00006  73.062725    34.6271    34.6293 0.0000e+00
      45661     2.7545   3.177856     2.7530   3.177914   1452.929  -45.00426  -45.00008  73.062737    34.6281    34.6304 0.0000e+00
      45675     2.7555   3.177975     2.7540   3.178046   1453.555  -45.00426  -45.00008  73.062744    34.6281    34.6305 0.0000e+00
      45758     2.7565   3.178053     2.7552   3.178107   1454.345  -45.00426  -45.00008  73.062784    34.6275    34.6296 0.0000e+00
      45782     2.7625   3.178927     2.7610   3.178916   1455.646  -45.00426  -45.00008  73.062796    34.6311    34.6326 0.0000e+00
      45803     2.7644   3.179173     2.7630   3.179212   1456.932  -45.00426  -45.00008  73.062806    34.6314    34.6334 0.0000e+00
      45828     2.7637   3.179237     2.7623   3.179287   1458.307  -45.00426  -45.00008  73.062818    34.6323    34.6344 0.0000e+00
      45851     2.7634   3.179286     2.7620   3.179342   1459.107  -45.00426  -45.00008  73.062829    34.6327    34.6350 0.0000e+00
      45884     2.7637   3.179341     2.7622   3.179402   1459.716  -45.00426  -45.00008  73.062845    34.6329    34.6352 0.0000e+00
      45902     2.7640   3.179400     2.7624   3.179432   1460.203  -45.00426  -45.00009  73.062853    34.6329    34.6350 0.0000e+00
      45924     2.7646   3.179515     2.7632   3.179574   1460.989  -45.00426  -45.00010  73.062864    34.6333    34.6356 0.0000e+00
      45947     2.7653   3.179629     2.7639   3.179694   1461.980  -45.00426  -45.00010  73.062875    34.6335    34.6357 0.0000e+00
      45970     2.7663   3.179793     2.7649   3.179849   1463.117  -45.00426  -45.00010  73.062886    34.6338    34.6360 0.0000e+00
      45997     2.7662   3.179868     2.7648   3.179929   1464.432  -45.00426  -45.00010  73.062899    34.6342    34.6364 0.0000e+00
      46024     2.7662   3.179918     2.7646   3.179957   1465.413  -45.00426  -45.00010  73.062912    34.6343    34.6365 0.0000e+00
      46040     2.7660   3.179895     2.7645   3.179969   1465.733  -45.00426  -45.00010  73.062920    34.6341    34.6364 0.0000e+00
      46074     2.7658   3.179901     2.7645   3.179975   1466.129  -45.00426  -45.00010  73.062937    34.6341    34.6364 0.0000e+00
      46097     2.7658   3.179952     2.7641   3.180016   1466.588  -45.00426  -45.00010  73.062948    34.6345    34.6371 0.0000e+00
      46113     2.7655   3.179995     2.7641   3.180059   1467.130  -45.00426  -45.00010  73.062955    34.6350    34.6373 0.0000e+00
      46140     2.7653   3.180074     2.7640   3.180135   1468.354  -45.00426  -45.00010  73.062968    34.6356    34.6378 0.0000e+00
      46162     2.7651   3.180146     2.7637   3.180201   1469.617  -45.00426  -45.00010  73.062979    34.6361    34.6382 0.0000e+00
      46189     2.7650   3.180237     2.7635   3.180285   1471.415  -45.00426  -45.00010  73.062992    34.6363    34.6385 0.0000e+00
      46213     2.7648   3.180338     2.7632   3.180380   1472.789  -45.00426  -45.00012  73.063003    34.6372    34.6393 0.0000e+00
      46234     2.7649   3.180458     2.7636   3.180516   1473.566  -45.00426  -45.00012  73.063013    34.6381    34.6402 0.0000e+00
      46292     2.7650   3.180371     2.7635   3.180433   1474.006  -45.00426  -45.00012  73.063042    34.6367    34.6390 0.0000e+00
      46312     2.7651   3.180365     2.7636   3.180467   1474.225  -45.00426  -45.00012  73.063051    34.6364    34.6392 0.0000e+00
      46333     2.7662   3.180606     2.7648   3.180666   1474.859  -45.00426  -45.00012  73.063061    34.6378    34.6401 0.0000e+00
      46357     2.7680   3.180912     2.7665   3.180955   1476.049  -45.00426  -45.00012  73.063073    34.6390    34.6411 0.0000e+00
      46381     2.7684   3.181033     2.7670   3.181079   1477.744  -45.00426  -45.00012  73.063084    34.6393    34.6413 0.0000e+00
      46409     2.7656   3.180987     2.7643   3.181039   1479.842  -45.00426  -45.00012  73.063098    34.6406    34.6426 0.0000e+00
      46422     2.7653   3.181004     2.7638   3.181054   1480.618  -45.00426  -45.00012  73.063104    34.6408    34.6429 0.0000e+00
      46526     2.7672   3.181073     2.7658   3.181115   1481.331  -45.00426  -45.00012  73.063154    34.6392    34.6412 0.0000e+00
      46548     2.7664   3.181167     2.7649   3.181212   1482.440  -45.00426  -45.00012  73.063165    34.6407    34.6427 0.0000e+00
      46572     2.7665   3.181338     2.7651   3.181390   1483.836  -45.00426  -45.00012  73.063176    34.6419    34.6440 0.0000e+00
      46598     2.7670   3.181504     2.7656   3.181567   1485.582  -45.00426  -45.00012  73.063189    34.6425    34.6448 0.0000e+00
      46621     2.7668   3.181564     2.7655   3.181631   1487.086  -45.00426  -45.00012  73.063200    34.6426    34.6449 0.0000e+00
      46642     2.7665   3.181609     2.7652   3.181666   1488.219  -45.00426  -45.00012  73.063210    34.6430    34.6450 0.0000e+00
      46658     2.7665   3.181659     2.7651   3.181670   1488.865  -45.00426  -45.00012  73.063218    34.6433    34.6449 0.0000e+00
      46695     2.7664   3.181666     2.7650   3.181715   1489.622  -45.00426  -45.00012  73.063235    34.6430    34.6451 0.0000e+00
      46716     2.7668   3.181693     2.7653   3.181773   1489.975  -45.00427  -45.00012  73.063246    34.6427    34.6453 0.0000e+00
      46765     2.7670   3.181755     2.7655   3.181801   1490.739  -45.00426  -45.00012  73.063270    34.6429    34.6451 0.0000e+00
      46791     2.7672   3.181824     2.7658   3.181881   1491.407  -45.00426  -45.00012  73.063282    34.6432    34.6454 0.0000e+00
      46813     2.7681   3.181968     2.7666   3.182012   1492.225  -45.00426  -45.00012  73.063293    34.6436    34.6457 0.0000e+00
      46837     2.7691   3.182180     2.7678   3.182252   1493.277  -45.00426  -45.00012  73.063304    34.6445    34.6468 0.0000e+00
      46861     2.7676   3.182181     2.7662   3.182257   1494.411  -45.00426  -45.00012  73.063316    34.6456    34.6480 0.0000e+00
      46884     2.7660   3.182118     2.7648   3.182210   1495.434  -45.00426  -45.00012  73.063327    34.6460    34.6484 0.0000e+00
      46909     2.7651   3.182134     2.7637   3.182200   1496.542  -45.00426  -45.00012  73.063339    34.6465    34.6488 0.0000e+00
      46933     2.7647   3.182167     2.7632   3.182229   1497.662  -45.00426  -45.00012  73.063351    34.6468    34.6492 0.0000e+00
      46958     2.7644   3.182213     2.7629   3.182273   1498.826  -45.00426  -45.00012  73.063363    34.6471    34.6495 0.0000e+00
      46980     2.7644   3.182254     2.7629   3.182315   1499.662  -45.00426  -45.00012  73.063374    34.6472    34.6495 0.0000e+00
      47002     2.7646   3.182273     2.7630   3.182334   1500.269  -45.00426  -45.00012  73.063384    34.6470    34.6494 0.0000e+00
      47026     2.7646   3.182310     2.7630   3.182372   1500.872  -45.00426  -45.00012  73.063395    34.6471    34.6495 0.0000e+00
      47052     2.7645   3.182328     2.7630   3.182398   1501.671  -45.00426  -45.00012  73.063408    34.6470    34.6494 0.0000e+00
      47077     2.7645   3.182379     2.7631   3.182468   1502.510  -45.00426  -45.00012  73.063420    34.6471    34.6497 0.0000e+00
      47100     2.7645   3.182431     2.7631   3.182507   1503.360  -45.00426  -45.00012  73.063431    34.6474    34.6498 0.0000e+00
      47125     2.7648   3.182508     2.7633   3.182564   1504.356  -45.00426  -45.00012  73.063444    34.6475    34.6498 0.0000e+00
      47147     2.7646   3.182601     2.7632   3.182657   1505.221  -45.00426  -45.00012  73.063454    34.6484    34.6505 0.0000e+00
      47170     2.7645   3.182612     2.7629   3.182685   1506.018  -45.00426  -45.00012  73.063465    34.6482    34.6508 0.0000e+00
      47191     2.7643   3.182653     2.7630   3.182725   1506.583  -45.00426  -45.00012  73.063475    34.6488    34.6509 0.0000e+00
      47214     2.7646   3.182672     2.7630   3.182747   1506.959  -45.00426  -45.00012  73.063486    34.6484    34.6510 0.0000e+00
      47245     2.7643   3.182726     2.7630   3.182788   1507.636  -45.00426  -45.00012  73.063501    34.6490    34.6512 0.0000e+00
      47271     2.7645   3.182843     2.7630   3.182881   1508.718  -45.00426  -45.00012  73.063514    34.6497    34.6517 0.0000e+00
      47293     2.7645   3.182901     2.7631   3.182964   1509.954  -45.00426  -45.00012  73.063525    34.6498    34.6520 0.0000e+00
