SBEDataProcessing_SAGA-CTD_example/tipo2/out2/st001.cnv
* Sea-Bird SBE 9 Data File:
* FileName = C:\Users\CTD01\Desktop\CTD_SAGA\ST001.hex
* Software Version Seasave V 7.26.7.121
* Temperature SN = 4669
* Conductivity SN = 3289
* Number of Bytes Per Scan = 37
* Number of Voltage Words = 4
* Number of Scans Averaged by the Deck Unit = 1
* NMEA Latitude = 47 00.83 S
* NMEA Longitude = 047 03.62 W
* NMEA UTC (Time) = Mar 12 2021 21:57:37
* NMEA baud rate = 9600
** Ship:Sarmiento de Gamboa
** Cruise:SAGA 10W
** Cast:  001
** Station:  001
** Depth:  5920
** Date:  12/03/2021
** Time:  21:57
# nquan = 12
# nvalues = 11090                       
# units = specified
# name 0 = scan: Scan Count
# name 1 = t090C: Temperature [ITS-90, deg C]
# name 2 = c0S/m: Conductivity [S/m]
# name 3 = t190C: Temperature, 2 [ITS-90, deg C]
# name 4 = c1S/m: Conductivity, 2 [S/m]
# name 5 = prDM: Pressure, Digiquartz [db]
# name 6 = latitude: Latitude [deg]
# name 7 = longitude: Longitude [deg]
# name 8 = timeJ: Julian Days
# name 9 = sal00: Salinity, Practical [PSU]
# name 10 = sal11: Salinity, Practical, 2 [PSU]
# name 11 = flag: flag
# span 0 =        103,     337498       
# span 1 =     0.3770,    14.5030       
# span 2 =   3.107175,   4.206371       
# span 3 =     0.3761,    14.5011       
# span 4 =   3.107314,   4.206162       
# span 5 =      0.532,   5372.681       
# span 6 =  -47.01394,  -47.01386       
# span 7 =  -47.06044,  -47.06028       
# span 8 =  71.915061,  72.077771       
# span 9 =    34.1519,    35.0369       
# span 10 =    34.1519,    35.0456      
# span 11 = 0.0000e+00, 0.0000e+00      
# interval = seconds: 1                 
# start_time = Mar 12 2021 21:57:37 [NMEA time, header]
# bad_flag = -9.990e-29
*END*
[from data line 10948]
     325522    10.4552   3.838751    10.4281   3.835720    112.117  -47.01392  -47.06038  72.071995    34.8131    34.8084 0.0000e+00
     325545    10.5533   3.849039    10.5412   3.846832    111.410  -47.01392  -47.06038  72.072006    34.8235    34.8128 0.0000e+00
     325571    10.6025   3.854886    10.5738   3.850604    110.286  -47.01392  -47.06038  72.072019    34.8360    34.8203 0.0000e+00
     325597    10.7388   3.868844    10.7395   3.867671    108.949  -47.01392  -47.06038  72.072031    34.8470    34.8345 0.0000e+00
     325621    10.8066   3.876169    10.8020   3.874371    107.688  -47.01392  -47.06038  72.072043    34.8566    34.8429 0.0000e+00
     325647    10.8971   3.885879    10.9030   3.885222    106.363  -47.01392  -47.06038  72.072055    34.8683    34.8561 0.0000e+00
     325668    10.9663   3.893734    10.9788   3.893323    105.471  -47.01392  -47.06038  72.072066    34.8814    34.8654 0.0000e+00
     325685    10.9901   3.896276    10.8663   3.891260    104.905  -47.01392  -47.06038  72.072074    34.8845    34.9522 0.0000e+00
     325744    10.8117   3.876896    10.7702   3.873435    104.156  -47.01392  -47.06038  72.072102    34.8606    34.8654 0.0000e+00
     325768    10.7890   3.874775    10.7391   3.868700    103.643  -47.01392  -47.06038  72.072114    34.8611    34.8477 0.0000e+00
     325788    10.9413   3.891337    10.9187   3.886910    102.787  -47.01393  -47.06038  72.072123    34.8824    34.8596 0.0000e+00
     325812    11.1528   3.914375    11.1693   3.913686    101.346  -47.01394  -47.06038  72.072135    34.9119    34.8894 0.0000e+00
     325837    11.3230   3.932622    11.3199   3.930811     99.764  -47.01394  -47.06038  72.072147    34.9326    34.9176 0.0000e+00
     325859    11.3733   3.937738    11.3105   3.931309     98.663  -47.01394  -47.06038  72.072157    34.9362    34.9319 0.0000e+00
     325883    11.2599   3.926372    11.2408   3.922999     97.987  -47.01394  -47.06038  72.072169    34.9311    34.9157 0.0000e+00
     325909    11.2133   3.920707    11.1996   3.919455     97.682  -47.01394  -47.06038  72.072182    34.9192    34.9197 0.0000e+00
     325933    11.1445   3.912574    11.0653   3.904950     97.364  -47.01394  -47.06038  72.072193    34.9037    34.9030 0.0000e+00
     325962    11.2292   3.922922    11.1744   3.913883     96.278  -47.01394  -47.06038  72.072207    34.9267    34.8889 0.0000e+00
     325981    11.3697   3.937836    11.4075   3.939465     95.212  -47.01394  -47.06038  72.072216    34.9421    34.9224 0.0000e+00
     326004    11.5790   3.960232    11.5927   3.959358     93.794  -47.01394  -47.06038  72.072228    34.9661    34.9446 0.0000e+00
     326022    11.6656   3.969137    11.6820   3.968872     92.863  -47.01394  -47.06038  72.072236    34.9724    34.9544 0.0000e+00
     326049    11.5531   3.957399    11.5420   3.957197     91.923  -47.01394  -47.06036  72.072249    34.9634    34.9720 0.0000e+00
     326076    11.5677   3.959178    11.5406   3.954873     91.568  -47.01394  -47.06036  72.072262    34.9673    34.9505 0.0000e+00
     326100    11.5975   3.962375    11.5828   3.958854     91.326  -47.01394  -47.06036  72.072273    34.9709    34.9500 0.0000e+00
     326128    11.5951   3.962188    11.5512   3.956867     90.630  -47.01394  -47.06036  72.072287    34.9716    34.9605 0.0000e+00
     326148    11.6192   3.964527    11.6339   3.964623     89.714  -47.01394  -47.06036  72.072297    34.9722    34.9593 0.0000e+00
     326173    11.8723   3.991468    11.9283   3.993398     88.285  -47.01394  -47.06037  72.072309    34.9989    34.9651 0.0000e+00
     326200    12.0346   4.008262    12.0889   4.011867     86.668  -47.01394  -47.06038  72.072322    35.0113    34.9954 0.0000e+00
     326222    12.1268   4.016756    12.1369   4.015945     85.465  -47.01394  -47.06036  72.072333    35.0080    34.9907 0.0000e+00
     326242    12.1328   4.017083    12.1287   4.015575     84.623  -47.01394  -47.06036  72.072342    35.0060    34.9952 0.0000e+00
     326262    12.0142   4.004792    11.8939   3.993337     84.090  -47.01394  -47.06036  72.072351    34.9977    34.9988 0.0000e+00
     326322    11.9280   3.998275    11.9962   4.004584     83.270  -47.01394  -47.06036  72.072381    35.0154    35.0129 0.0000e+00
     326344    11.9474   3.998816    11.9235   3.996344     82.709  -47.01394  -47.06036  72.072391    35.0026    35.0010 0.0000e+00
     326364    12.0808   4.010453    12.0870   4.010150     81.982  -47.01394  -47.06036  72.072401    34.9913    34.9825 0.0000e+00
     326390    12.0821   4.011140    12.2809   4.022001     80.966  -47.01394  -47.06036  72.072414    34.9972    34.9169 0.0000e+00
     326416    12.6242   4.051135    12.6897   4.052794     79.913  -47.01394  -47.06036  72.072426    34.8794    34.8348 0.0000e+00
     326438    12.8567   4.071850    12.9329   4.075337     78.830  -47.01394  -47.06036  72.072437    34.8635    34.8267 0.0000e+00
     326461    13.0522   4.087460    13.1787   4.094398     77.618  -47.01394  -47.06037  72.072448    34.8329    34.7829 0.0000e+00
     326484    13.3531   4.109293    13.4716   4.114913     76.442  -47.01394  -47.06038  72.072459    34.7649    34.7098 0.0000e+00
     326508    13.5914   4.125699    13.6204   4.126628     75.384  -47.01394  -47.06038  72.072471    34.7030    34.6854 0.0000e+00
     326530    13.4878   4.117387    13.1240   4.091653     74.845  -47.01394  -47.06038  72.072481    34.7191    34.8081 0.0000e+00
     326772    13.2358   4.101172    13.2388   4.098139     74.639  -47.01394  -47.06038  72.072598    34.7961    34.7646 0.0000e+00
     326800    13.3249   4.106369    13.3330   4.106023     74.331  -47.01394  -47.06038  72.072611    34.7639    34.7532 0.0000e+00
     327134    13.7487   4.137973    13.7735   4.139450     73.305  -47.01392  -47.06038  72.072772    34.6763    34.6677 0.0000e+00
     327156    13.7132   4.135433    13.7388   4.136807     72.365  -47.01392  -47.06038  72.072783    34.6850    34.6747 0.0000e+00
     327183    13.7715   4.139629    13.7774   4.138839     71.501  -47.01392  -47.06038  72.072796    34.6719    34.6592 0.0000e+00
     327203    13.7726   4.139597    13.7804   4.139985     70.950  -47.01392  -47.06038  72.072806    34.6709    34.6674 0.0000e+00
     327229    13.8002   4.141678    13.7946   4.140654     70.466  -47.01392  -47.06038  72.072818    34.6655    34.6611 0.0000e+00
     327257    13.8284   4.143742    13.8338   4.143328     70.143  -47.01392  -47.06038  72.072832    34.6595    34.6507 0.0000e+00
     327280    13.8380   4.144277    13.8838   4.147399     69.647  -47.01392  -47.06040  72.072843    34.6560    34.6438 0.0000e+00
     327299    13.8007   4.141840    13.8358   4.144132     68.916  -47.01392  -47.06040  72.072852    34.6672    34.6570 0.0000e+00
     327324    13.8629   4.146470    13.8562   4.144868     67.526  -47.01392  -47.06039  72.072864    34.6549    34.6460 0.0000e+00
     327348    13.9839   4.155057    13.9852   4.154351     66.171  -47.01392  -47.06038  72.072875    34.6264    34.6186 0.0000e+00
     327376    13.9970   4.156079    13.9895   4.155080     64.796  -47.01392  -47.06038  72.072889    34.6247    34.6221 0.0000e+00
     327395    13.9972   4.156098    13.9901   4.155029     64.086  -47.01392  -47.06038  72.072898    34.6250    34.6213 0.0000e+00
     327422    13.9989   4.156199    13.9961   4.155557     63.077  -47.01392  -47.06038  72.072911    34.6247    34.6213 0.0000e+00
     327443    13.9987   4.156088    13.9968   4.155571     62.395  -47.01392  -47.06038  72.072921    34.6242    34.6211 0.0000e+00
     327465    13.9743   4.154072    13.9821   4.154613     61.803  -47.01392  -47.06038  72.072932    34.6276    34.6257 0.0000e+00
     327489    13.9882   4.155356    13.9732   4.154223     61.403  -47.01392  -47.06038  72.072944    34.6273    34.6302 0.0000e+00
     327516    13.9693   4.154108    13.9503   4.152328     60.938  -47.01392  -47.06038  72.072957    34.6329    34.6334 0.0000e+00
     327543    13.9844   4.155053    13.9678   4.153342     60.107  -47.01392  -47.06040  72.072970    34.6284    34.6275 0.0000e+00
     327563    14.0011   4.156246    13.9955   4.155322     59.267  -47.01392  -47.06040  72.072980    34.6248    34.6212 0.0000e+00
     327589    14.0091   4.156965    14.0153   4.157137     58.184  -47.01392  -47.06039  72.072992    34.6247    34.6207 0.0000e+00
     327614    14.0266   4.158658    14.0248   4.158115     57.177  -47.01392  -47.06038  72.073004    34.6252    34.6217 0.0000e+00
     327639    14.0308   4.159058    14.0311   4.158695     56.107  -47.01392  -47.06038  72.073016    34.6256    34.6219 0.0000e+00
     327660    14.0466   4.160692    14.0579   4.161255     54.991  -47.01392  -47.06038  72.073026    34.6269    34.6221 0.0000e+00
     327681    14.0979   4.165874    14.0992   4.165404     53.748  -47.01392  -47.06038  72.073036    34.6295    34.6240 0.0000e+00
     327705    14.1190   4.167944    14.1200   4.167589     52.363  -47.01392  -47.06038  72.073048    34.6303    34.6261 0.0000e+00
     327725    14.0903   4.165188    14.1149   4.167750     51.533  -47.01392  -47.06038  72.073058    34.6308    34.6325 0.0000e+00
     327884    14.0845   4.164561    14.0827   4.164052     51.347  -47.01392  -47.06038  72.073134    34.6304    34.6273 0.0000e+00
     328307    14.1677   4.172859    14.1495   4.171575     51.129  -47.01392  -47.06036  72.073338    34.6326    34.6371 0.0000e+00
     328507    14.1740   4.174104    14.1591   4.172417     51.082  -47.01390  -47.06034  72.073435    34.6386    34.6363 0.0000e+00
     328579    14.1757   4.174232    14.1733   4.173816     50.848  -47.01390  -47.06036  72.073469    34.6384    34.6366 0.0000e+00
     328747    14.1779   4.174420    14.1753   4.174014     50.673  -47.01390  -47.06036  72.073550    34.6381    34.6367 0.0000e+00
     328754    14.1777   4.174367    14.1745   4.173951     50.411  -47.01390  -47.06036  72.073554    34.6380    34.6370 0.0000e+00
     328799    14.1802   4.174570    14.1745   4.174065     49.981  -47.01390  -47.06036  72.073575    34.6378    34.6382 0.0000e+00
     328817    14.1838   4.174902    14.1749   4.174001     49.890  -47.01390  -47.06036  72.073584    34.6377    34.6373 0.0000e+00
     328861    14.1790   4.174448    14.1736   4.173787     49.337  -47.01390  -47.06034  72.073605    34.6380    34.6367 0.0000e+00
     328885    14.1762   4.174134    14.1741   4.173815     48.771  -47.01390  -47.06034  72.073617    34.6378    34.6368 0.0000e+00
     328914    14.1720   4.173721    14.1740   4.173708     47.975  -47.01390  -47.06034  72.073631    34.6381    34.6362 0.0000e+00
     328931    14.1862   4.175162    14.1934   4.175553     47.316  -47.01390  -47.06035  72.073639    34.6390    34.6361 0.0000e+00
     328956    14.2070   4.177232    14.2282   4.178988     46.057  -47.01390  -47.06036  72.073651    34.6400    34.6372 0.0000e+00
     328982    14.2531   4.181803    14.2550   4.181670     44.524  -47.01390  -47.06036  72.073664    34.6415    34.6386 0.0000e+00
     329001    14.2677   4.183216    14.2692   4.183148     43.310  -47.01390  -47.06037  72.073673    34.6421    34.6400 0.0000e+00
     329030    14.2852   4.184961    14.2850   4.184699     41.743  -47.01390  -47.06036  72.073687    34.6432    34.6409 0.0000e+00
     329051    14.2885   4.185266    14.2840   4.184678     40.772  -47.01390  -47.06036  72.073697    34.6434    34.6420 0.0000e+00
     329075    14.2825   4.184543    14.2614   4.182622     39.939  -47.01390  -47.06036  72.073708    34.6424    34.6436 0.0000e+00
     329096    14.2650   4.183013    14.2691   4.182984     39.486  -47.01390  -47.06036  72.073718    34.6442    34.6401 0.0000e+00
     329179    14.2764   4.184103    14.2689   4.183177     38.920  -47.01390  -47.06036  72.073758    34.6442    34.6424 0.0000e+00
     329197    14.2872   4.185196    14.2875   4.184773     37.814  -47.01390  -47.06038  72.073767    34.6451    34.6409 0.0000e+00
     329221    14.3467   4.191177    14.3491   4.190616     35.868  -47.01390  -47.06038  72.073779    34.6478    34.6405 0.0000e+00
     329244    14.4079   4.197274    14.4126   4.197271     34.101  -47.01390  -47.06038  72.073790    34.6501    34.6458 0.0000e+00
     329272    14.3650   4.192784    14.3688   4.192867     32.768  -47.01392  -47.06038  72.073804    34.6475    34.6449 0.0000e+00
     329298    14.3761   4.194010    14.3499   4.191565     32.287  -47.01392  -47.06038  72.073816    34.6491    34.6501 0.0000e+00
     329317    14.3669   4.193041    14.3612   4.192277     32.016  -47.01392  -47.06038  72.073825    34.6484    34.6466 0.0000e+00
     329342    14.3648   4.192773    14.3632   4.192466     31.566  -47.01390  -47.06038  72.073837    34.6482    34.6467 0.0000e+00
     329364    14.3587   4.192222    14.3524   4.191434     30.813  -47.01390  -47.06038  72.073848    34.6488    34.6472 0.0000e+00
     329390    14.3774   4.194217    14.4124   4.197087     29.826  -47.01390  -47.06038  72.073860    34.6508    34.6460 0.0000e+00
     329411    14.4345   4.200079    14.4508   4.201289     29.038  -47.01390  -47.06038  72.073871    34.6541    34.6507 0.0000e+00
     329438    14.4661   4.203180    14.4684   4.203120     28.057  -47.01390  -47.06038  72.073883    34.6549    34.6522 0.0000e+00
     329460    14.4739   4.204019    14.4739   4.203722     27.145  -47.01390  -47.06038  72.073894    34.6559    34.6532 0.0000e+00
     329484    14.4748   4.204104    14.4751   4.203921     26.145  -47.01391  -47.06038  72.073906    34.6563    34.6544 0.0000e+00
     329505    14.4721   4.203772    14.4761   4.204011     25.350  -47.01392  -47.06038  72.073916    34.6560    34.6547 0.0000e+00
     329529    14.4632   4.202923    14.4644   4.202969     24.760  -47.01392  -47.06038  72.073928    34.6564    34.6558 0.0000e+00
     329963    14.4783   4.204605    14.4781   4.204490     24.509  -47.01390  -47.06038  72.074137    34.6585    34.6576 0.0000e+00
     329984    14.4791   4.204701    14.4773   4.204383     24.145  -47.01390  -47.06038  72.074147    34.6588    34.6575 0.0000e+00
     330135    14.4858   4.205349    14.4853   4.205136     23.422  -47.01390  -47.06038  72.074220    34.6591    34.6576 0.0000e+00
     330155    14.4903   4.205747    14.4891   4.205484     22.336  -47.01390  -47.06038  72.074229    34.6591    34.6578 0.0000e+00
     330178    14.4902   4.205683    14.4882   4.205363     21.259  -47.01390  -47.06038  72.074240    34.6591    34.6580 0.0000e+00
     330207    14.4894   4.205589    14.4860   4.205117     20.340  -47.01390  -47.06038  72.074254    34.6593    34.6581 0.0000e+00
     330229    14.4915   4.205775    14.4861   4.205098     19.869  -47.01390  -47.06038  72.074265    34.6594    34.6580 0.0000e+00
     330253    14.4897   4.205567    14.4871   4.205215     19.501  -47.01390  -47.06038  72.074276    34.6592    34.6583 0.0000e+00
     330277    14.4908   4.205624    14.4889   4.205372     19.252  -47.01390  -47.06037  72.074288    34.6589    34.6582 0.0000e+00
     330299    14.4933   4.205939    14.4916   4.205608     19.050  -47.01390  -47.06036  72.074299    34.6596    34.6581 0.0000e+00
     330328    14.4947   4.206055    14.4948   4.205906     18.679  -47.01390  -47.06038  72.074313    34.6596    34.6581 0.0000e+00
     330350    14.4938   4.205970    14.4939   4.205898     18.299  -47.01390  -47.06038  72.074323    34.6597    34.6590 0.0000e+00
     330372    14.4914   4.205691    14.4898   4.205438     17.800  -47.01390  -47.06038  72.074334    34.6595    34.6587 0.0000e+00
     330402    14.4941   4.205962    14.4942   4.205799     16.978  -47.01390  -47.06038  72.074348    34.6600    34.6584 0.0000e+00
     330421    14.4959   4.206056    14.4958   4.205964     16.359  -47.01390  -47.06038  72.074358    34.6595    34.6587 0.0000e+00
