SAGA/data/raw_ctdtime/st002.cnv
* Sea-Bird SBE 9 Data File:
* FileName = C:\Users\CTD01\Desktop\CTD_SAGA\ST002.hex
* Software Version Seasave V 7.26.7.121
* Temperature SN = 4669
* Conductivity SN = 3289
* Number of Bytes Per Scan = 37
* Number of Voltage Words = 4
* Number of Scans Averaged by the Deck Unit = 1
* NMEA Latitude = 46 30.40 S
* NMEA Longitude = 045 00.77 W
* NMEA UTC (Time) = Mar 13 2021 11:55:48
* NMEA baud rate = 9600
** Ship:Sarmiento de Gamboa
** Cruise:SAGA 10W
** Cast:  002
** Station:  002
** Depth:  5460
** Date:  13/03/2021
** Time:  11:55
# nquan = 12
# nvalues = 10417                       
# units = specified
# name 0 = scan: Scan Count
# name 1 = t090C: Temperature [ITS-90, deg C]
# name 2 = c0S/m: Conductivity [S/m]
# name 3 = t190C: Temperature, 2 [ITS-90, deg C]
# name 4 = c1S/m: Conductivity, 2 [S/m]
# name 5 = prDM: Pressure, Digiquartz [db]
# name 6 = latitude: Latitude [deg]
# name 7 = longitude: Longitude [deg]
# name 8 = timeJ: Julian Days
# name 9 = sal00: Salinity, Practical [PSU]
# name 10 = sal11: Salinity, Practical, 2 [PSU]
# name 11 = flag: flag
# span 0 =       1434,     331302       
# span 1 =     0.3155,    14.7374       
# span 2 =   3.093586,   4.212522       
# span 3 =     0.3143,    14.7363       
# span 4 =   3.093729,   4.212191       
# span 5 =      2.572,   5345.270       
# span 6 =  -46.50676,  -46.50666       
# span 7 =  -45.01300,  -45.01282       
# span 8 =  72.497774,  72.656854       
# span 9 =    34.1483,    34.8353       
# span 10 =    34.1484,    34.8378      
# span 11 = 0.0000e+00, 0.0000e+00      
# interval = seconds: 1                 
# start_time = Mar 13 2021 11:55:48 [NMEA time, header]
# bad_flag = -9.990e-29
*END*
[from data line 8061]
     256363     2.6563   3.218617     2.6553   3.218659   2297.702  -46.50670  -45.01292  72.620715    34.8111    34.8127 0.0000e+00
     256380     2.6563   3.218547     2.6553   3.218612   2296.178  -46.50670  -45.01292  72.620723    34.8109    34.8127 0.0000e+00
     256403     2.6574   3.218545     2.6563   3.218591   2294.002  -46.50670  -45.01292  72.620734    34.8108    34.8126 0.0000e+00
     256428     2.6617   3.218856     2.6593   3.218764   2291.687  -46.50670  -45.01292  72.620746    34.8111    34.8125 0.0000e+00
     256452     2.6622   3.218848     2.6602   3.218838   2289.999  -46.50670  -45.01292  72.620758    34.8112    34.8133 0.0000e+00
     256480     2.6599   3.218613     2.6565   3.218476   2289.148  -46.50670  -45.01290  72.620771    34.8113    34.8132 0.0000e+00
     256581     2.6594   3.218546     2.6580   3.218605   2289.102  -46.50670  -45.01290  72.620820    34.8110    34.8132 0.0000e+00
     256602     2.6615   3.218687     2.6617   3.218794   2288.341  -46.50670  -45.01290  72.620830    34.8109    34.8120 0.0000e+00
     256622     2.6612   3.218634     2.6604   3.218718   2287.285  -46.50670  -45.01290  72.620839    34.8110    34.8129 0.0000e+00
     256648     2.6636   3.218725     2.6628   3.218806   2285.581  -46.50670  -45.01290  72.620852    34.8104    34.8123 0.0000e+00
     256668     2.6639   3.218651     2.6627   3.218705   2284.211  -46.50670  -45.01290  72.620862    34.8099    34.8118 0.0000e+00
     256692     2.6641   3.218577     2.6628   3.218630   2282.703  -46.50670  -45.01290  72.620874    34.8095    34.8115 0.0000e+00
     256719     2.6629   3.218446     2.6618   3.218534   2281.535  -46.50670  -45.01290  72.620886    34.8098    34.8120 0.0000e+00
     256745     2.6635   3.218485     2.6620   3.218519   2281.069  -46.50672  -45.01290  72.620899    34.8097    34.8118 0.0000e+00
     256815     2.6645   3.218550     2.6638   3.218655   2280.808  -46.50670  -45.01290  72.620933    34.8096    34.8117 0.0000e+00
     256833     2.6638   3.218477     2.6630   3.218579   2280.216  -46.50671  -45.01290  72.620941    34.8098    34.8118 0.0000e+00
     256864     2.6653   3.218553     2.6647   3.218604   2278.512  -46.50672  -45.01290  72.620956    34.8099    34.8111 0.0000e+00
     256884     2.6675   3.218622     2.6669   3.218706   2277.064  -46.50672  -45.01290  72.620966    34.8091    34.8108 0.0000e+00
     256908     2.6677   3.218516     2.6663   3.218537   2275.119  -46.50671  -45.01290  72.620977    34.8085    34.8102 0.0000e+00
     256932     2.6714   3.218794     2.6699   3.218806   2273.421  -46.50670  -45.01290  72.620989    34.8087    34.8105 0.0000e+00
     256955     2.6689   3.218568     2.6672   3.218589   2272.489  -46.50670  -45.01290  72.621000    34.8091    34.8111 0.0000e+00
     256976     2.6698   3.218632     2.6671   3.218665   2272.201  -46.50670  -45.01288  72.621010    34.8090    34.8123 0.0000e+00
     257008     2.6696   3.218600     2.6675   3.218574   2271.950  -46.50670  -45.01288  72.621026    34.8090    34.8109 0.0000e+00
     257027     2.6679   3.218415     2.6655   3.218417   2271.525  -46.50670  -45.01289  72.621035    34.8088    34.8113 0.0000e+00
     257053     2.6682   3.218430     2.6660   3.218413   2270.798  -46.50670  -45.01290  72.621048    34.8090    34.8111 0.0000e+00
     257074     2.6730   3.218784     2.6696   3.218681   2270.522  -46.50671  -45.01290  72.621058    34.8084    34.8106 0.0000e+00
     257103     2.6742   3.218898     2.6730   3.218945   2270.421  -46.50672  -45.01290  72.621072    34.8085    34.8102 0.0000e+00
     257126     2.6734   3.218811     2.6721   3.218878   2269.768  -46.50672  -45.01290  72.621082    34.8086    34.8107 0.0000e+00
     257149     2.6733   3.218767     2.6720   3.218798   2268.567  -46.50671  -45.01290  72.621093    34.8087    34.8104 0.0000e+00
     257172     2.6749   3.218814     2.6735   3.218832   2266.894  -46.50670  -45.01290  72.621105    34.8084    34.8100 0.0000e+00
     257196     2.6747   3.218691     2.6735   3.218751   2265.215  -46.50670  -45.01290  72.621116    34.8079    34.8099 0.0000e+00
     257221     2.6739   3.218522     2.6729   3.218614   2263.682  -46.50671  -45.01290  72.621128    34.8074    34.8096 0.0000e+00
     257242     2.6735   3.218488     2.6722   3.218547   2262.793  -46.50672  -45.01290  72.621139    34.8079    34.8100 0.0000e+00
     257263     2.6736   3.218470     2.6726   3.218558   2262.235  -46.50672  -45.01290  72.621149    34.8078    34.8100 0.0000e+00
     257296     2.6734   3.218360     2.6721   3.218412   2261.130  -46.50672  -45.01290  72.621164    34.8072    34.8092 0.0000e+00
     257315     2.6731   3.218283     2.6721   3.218353   2260.279  -46.50671  -45.01290  72.621174    34.8070    34.8089 0.0000e+00
     257341     2.6738   3.218256     2.6727   3.218319   2259.315  -46.50670  -45.01290  72.621187    34.8064    34.8084 0.0000e+00
     257421     2.6736   3.218201     2.6726   3.218315   2258.771  -46.50670  -45.01290  72.621225    34.8062    34.8087 0.0000e+00
     257438     2.6735   3.218182     2.6725   3.218243   2258.115  -46.50670  -45.01290  72.621233    34.8064    34.8083 0.0000e+00
     257460     2.6730   3.218048     2.6719   3.218124   2256.927  -46.50671  -45.01290  72.621244    34.8059    34.8080 0.0000e+00
     257485     2.6720   3.217847     2.6709   3.217928   2255.483  -46.50672  -45.01291  72.621256    34.8052    34.8074 0.0000e+00
     257511     2.6718   3.217791     2.6706   3.217838   2254.202  -46.50672  -45.01292  72.621268    34.8053    34.8072 0.0000e+00
     257536     2.6717   3.217743     2.6713   3.217926   2253.252  -46.50672  -45.01292  72.621280    34.8053    34.8079 0.0000e+00
     257557     2.6718   3.217701     2.6708   3.217769   2252.279  -46.50672  -45.01292  72.621291    34.8052    34.8070 0.0000e+00
     257579     2.6724   3.217704     2.6713   3.217760   2251.093  -46.50672  -45.01292  72.621301    34.8052    34.8070 0.0000e+00
     257605     2.6732   3.217711     2.6719   3.217748   2249.747  -46.50671  -45.01291  72.621314    34.8050    34.8069 0.0000e+00
     257620     2.6742   3.217758     2.6721   3.217755   2249.177  -46.50670  -45.01290  72.621320    34.8049    34.8070 0.0000e+00
     257681     2.6721   3.217575     2.6708   3.217636   2248.762  -46.50670  -45.01290  72.621350    34.8051    34.8072 0.0000e+00
     257703     2.6731   3.217640     2.6725   3.217742   2247.849  -46.50670  -45.01290  72.621361    34.8052    34.8070 0.0000e+00
     257723     2.6755   3.217796     2.6747   3.217849   2246.662  -46.50670  -45.01290  72.621370    34.8051    34.8066 0.0000e+00
     257750     2.6788   3.217997     2.6777   3.218037   2244.880  -46.50670  -45.01290  72.621383    34.8048    34.8066 0.0000e+00
     257767     2.6788   3.217954     2.6778   3.218017   2243.921  -46.50670  -45.01290  72.621392    34.8049    34.8066 0.0000e+00
     257798     2.6775   3.217842     2.6760   3.217885   2243.121  -46.50670  -45.01290  72.621407    34.8053    34.8073 0.0000e+00
     257831     2.6766   3.217719     2.6777   3.217985   2243.018  -46.50670  -45.01290  72.621423    34.8047    34.8068 0.0000e+00
     257842     2.6754   3.217668     2.6753   3.217808   2242.851  -46.50670  -45.01290  72.621428    34.8054    34.8073 0.0000e+00
     257869     2.6759   3.217664     2.6751   3.217726   2242.053  -46.50671  -45.01290  72.621441    34.8052    34.8069 0.0000e+00
     257887     2.6778   3.217776     2.6754   3.217732   2241.408  -46.50672  -45.01290  72.621450    34.8049    34.8069 0.0000e+00
     257915     2.6791   3.217881     2.6796   3.218034   2240.413  -46.50671  -45.01290  72.621463    34.8053    34.8066 0.0000e+00
     257943     2.6914   3.218982     2.6861   3.218566   2239.239  -46.50670  -45.01290  72.621477    34.8061    34.8067 0.0000e+00
     257965     2.6996   3.219744     2.6975   3.219612   2237.975  -46.50670  -45.01290  72.621487    34.8072    34.8078 0.0000e+00
     257991     2.7031   3.220020     2.7012   3.219944   2236.258  -46.50670  -45.01290  72.621500    34.8076    34.8087 0.0000e+00
     258013     2.7056   3.220211     2.7043   3.220188   2234.750  -46.50670  -45.01290  72.621510    34.8080    34.8091 0.0000e+00
     258035     2.7072   3.220311     2.7046   3.220244   2233.462  -46.50670  -45.01290  72.621521    34.8081    34.8100 0.0000e+00
     258056     2.7053   3.220079     2.6993   3.219717   2232.588  -46.50670  -45.01289  72.621531    34.8077    34.8097 0.0000e+00
     258073     2.7031   3.219872     2.7054   3.220264   2232.240  -46.50670  -45.01288  72.621539    34.8077    34.8100 0.0000e+00
     258180     2.7061   3.220167     2.7045   3.220215   2231.832  -46.50670  -45.01288  72.621591    34.8083    34.8106 0.0000e+00
     258205     2.7089   3.220382     2.7085   3.220451   2230.235  -46.50670  -45.01288  72.621603    34.8087    34.8099 0.0000e+00
     258228     2.7162   3.221005     2.7128   3.220784   2228.545  -46.50670  -45.01288  72.621614    34.8093    34.8102 0.0000e+00
     258252     2.7226   3.221602     2.7212   3.221536   2226.964  -46.50670  -45.01288  72.621626    34.8104    34.8111 0.0000e+00
     258277     2.7270   3.221945     2.7253   3.221924   2225.668  -46.50670  -45.01288  72.621638    34.8105    34.8120 0.0000e+00
     258302     2.7154   3.220841     2.7213   3.221588   2224.755  -46.50670  -45.01288  72.621650    34.8099    34.8127 0.0000e+00
     258325     2.7211   3.221289     2.7173   3.221138   2223.980  -46.50670  -45.01288  72.621661    34.8097    34.8118 0.0000e+00
     258345     2.7256   3.221729     2.7191   3.221238   2223.311  -46.50670  -45.01288  72.621670    34.8106    34.8114 0.0000e+00
     258366     2.7189   3.220973     2.7259   3.221925   2222.766  -46.50670  -45.01288  72.621680    34.8088    34.8128 0.0000e+00
     258405     2.7175   3.220835     2.7130   3.220719   2222.280  -46.50670  -45.01288  72.621699    34.8088    34.8122 0.0000e+00
     258426     2.7256   3.221886     2.7232   3.221516   2221.791  -46.50670  -45.01288  72.621710    34.8131    34.8113 0.0000e+00
     258446     2.7381   3.222839     2.7349   3.222637   2221.078  -46.50670  -45.01288  72.621719    34.8117    34.8126 0.0000e+00
     258470     2.7391   3.222863     2.7377   3.222876   2219.963  -46.50670  -45.01288  72.621731    34.8114    34.8131 0.0000e+00
     258494     2.7381   3.222704     2.7371   3.222766   2218.709  -46.50670  -45.01288  72.621742    34.8112    34.8130 0.0000e+00
     258515     2.7382   3.222684     2.7371   3.222737   2217.627  -46.50670  -45.01288  72.621752    34.8113    34.8132 0.0000e+00
     258537     2.7381   3.222638     2.7368   3.222684   2216.678  -46.50670  -45.01288  72.621763    34.8114    34.8133 0.0000e+00
     258592     2.7406   3.222842     2.7379   3.222727   2215.378  -46.50670  -45.01288  72.621790    34.8118    34.8133 0.0000e+00
     258610     2.7423   3.222971     2.7376   3.222682   2214.717  -46.50670  -45.01288  72.621798    34.8119    34.8134 0.0000e+00
     258638     2.7487   3.223550     2.7489   3.223618   2213.549  -46.50670  -45.01288  72.621812    34.8126    34.8133 0.0000e+00
     258661     2.7589   3.224473     2.7557   3.224300   2212.633  -46.50672  -45.01288  72.621823    34.8134    34.8147 0.0000e+00
     258685     2.7534   3.224019     2.7507   3.223860   2212.009  -46.50672  -45.01288  72.621835    34.8140    34.8150 0.0000e+00
     258713     2.7571   3.224264     2.7508   3.223811   2211.493  -46.50672  -45.01290  72.621848    34.8133    34.8146 0.0000e+00
     258734     2.7558   3.224100     2.7530   3.224003   2210.747  -46.50672  -45.01290  72.621858    34.8131    34.8148 0.0000e+00
     258757     2.7503   3.223421     2.7487   3.223527   2209.546  -46.50672  -45.01290  72.621869    34.8113    34.8143 0.0000e+00
     258784     2.7375   3.222015     2.7372   3.222212   2207.752  -46.50672  -45.01290  72.621882    34.8088    34.8114 0.0000e+00
     258801     2.7353   3.221715     2.7346   3.221841   2206.641  -46.50671  -45.01289  72.621891    34.8081    34.8103 0.0000e+00
     258830     2.7326   3.221349     2.7350   3.221768   2205.206  -46.50670  -45.01288  72.621904    34.8072    34.8096 0.0000e+00
     258908     2.7381   3.221985     2.7357   3.221800   2204.752  -46.50672  -45.01288  72.621942    34.8092    34.8096 0.0000e+00
     258925     2.7372   3.221785     2.7365   3.221914   2203.918  -46.50672  -45.01288  72.621950    34.8082    34.8105 0.0000e+00
     258948     2.7322   3.221186     2.7318   3.221396   2202.566  -46.50672  -45.01288  72.621961    34.8069    34.8098 0.0000e+00
     258968     2.7299   3.220907     2.7289   3.221005   2201.368  -46.50672  -45.01288  72.621971    34.8066    34.8088 0.0000e+00
     258992     2.7283   3.220691     2.7297   3.220998   2200.249  -46.50672  -45.01288  72.621983    34.8062    34.8083 0.0000e+00
     259018     2.7336   3.221240     2.7310   3.221155   2199.572  -46.50672  -45.01288  72.621995    34.8075    34.8092 0.0000e+00
     259045     2.7313   3.220982     2.7287   3.220916   2199.191  -46.50672  -45.01288  72.622008    34.8070    34.8090 0.0000e+00
     259073     2.7290   3.220676     2.7282   3.220802   2198.625  -46.50672  -45.01290  72.622022    34.8060    34.8084 0.0000e+00
     259094     2.7301   3.220786     2.7276   3.220683   2197.868  -46.50672  -45.01290  72.622032    34.8065    34.8080 0.0000e+00
     259120     2.7282   3.220489     2.7275   3.220620   2196.764  -46.50672  -45.01290  72.622044    34.8055    34.8078 0.0000e+00
     259141     2.7283   3.220399     2.7270   3.220453   2195.650  -46.50672  -45.01290  72.622054    34.8048    34.8068 0.0000e+00
     259165     2.7286   3.220343     2.7274   3.220406   2194.142  -46.50672  -45.01290  72.622066    34.8045    34.8066 0.0000e+00
     259187     2.7282   3.220208     2.7271   3.220297   2192.598  -46.50672  -45.01290  72.622077    34.8041    34.8063 0.0000e+00
     259212     2.7271   3.220025     2.7261   3.220099   2190.980  -46.50672  -45.01288  72.622089    34.8038    34.8058 0.0000e+00
     259232     2.7270   3.219985     2.7265   3.220130   2190.034  -46.50672  -45.01288  72.622098    34.8040    34.8061 0.0000e+00
     259359     2.7277   3.220014     2.7266   3.220093   2189.123  -46.50672  -45.01290  72.622160    34.8040    34.8061 0.0000e+00
     259381     2.7278   3.219944     2.7268   3.220026   2187.521  -46.50672  -45.01290  72.622170    34.8038    34.8059 0.0000e+00
     259405     2.7284   3.219916     2.7272   3.219946   2185.536  -46.50672  -45.01292  72.622182    34.8037    34.8054 0.0000e+00
     259428     2.7304   3.220029     2.7291   3.220030   2183.905  -46.50672  -45.01291  72.622192    34.8038    34.8052 0.0000e+00
     259451     2.7310   3.220051     2.7282   3.219960   2182.660  -46.50672  -45.01290  72.622204    34.8040    34.8059 0.0000e+00
     259467     2.7304   3.219967     2.7284   3.220010   2182.277  -46.50672  -45.01290  72.622212    34.8038    34.8064 0.0000e+00
     259553     2.7296   3.219894     2.7269   3.219825   2181.825  -46.50670  -45.01288  72.622253    34.8039    34.8060 0.0000e+00
     259572     2.7333   3.220186     2.7326   3.220226   2180.329  -46.50670  -45.01288  72.622262    34.8043    34.8055 0.0000e+00
     259597     2.7406   3.220761     2.7395   3.220769   2178.072  -46.50670  -45.01288  72.622274    34.8046    34.8058 0.0000e+00
     259620     2.7429   3.220876     2.7412   3.220876   2176.194  -46.50670  -45.01288  72.622285    34.8044    34.8063 0.0000e+00
     259641     2.7376   3.220386     2.7369   3.220462   2175.177  -46.50670  -45.01288  72.622295    34.8046    34.8064 0.0000e+00
     259768     2.7373   3.220329     2.7344   3.220258   2174.550  -46.50672  -45.01288  72.622357    34.8045    34.8067 0.0000e+00
