SAGA/data/raw_ctdtime/st002.cnv
* Sea-Bird SBE 9 Data File:
* FileName = C:\Users\CTD01\Desktop\CTD_SAGA\ST002.hex
* Software Version Seasave V 7.26.7.121
* Temperature SN = 4669
* Conductivity SN = 3289
* Number of Bytes Per Scan = 37
* Number of Voltage Words = 4
* Number of Scans Averaged by the Deck Unit = 1
* NMEA Latitude = 46 30.40 S
* NMEA Longitude = 045 00.77 W
* NMEA UTC (Time) = Mar 13 2021 11:55:48
* NMEA baud rate = 9600
** Ship:Sarmiento de Gamboa
** Cruise:SAGA 10W
** Cast:  002
** Station:  002
** Depth:  5460
** Date:  13/03/2021
** Time:  11:55
# nquan = 12
# nvalues = 10417                       
# units = specified
# name 0 = scan: Scan Count
# name 1 = t090C: Temperature [ITS-90, deg C]
# name 2 = c0S/m: Conductivity [S/m]
# name 3 = t190C: Temperature, 2 [ITS-90, deg C]
# name 4 = c1S/m: Conductivity, 2 [S/m]
# name 5 = prDM: Pressure, Digiquartz [db]
# name 6 = latitude: Latitude [deg]
# name 7 = longitude: Longitude [deg]
# name 8 = timeJ: Julian Days
# name 9 = sal00: Salinity, Practical [PSU]
# name 10 = sal11: Salinity, Practical, 2 [PSU]
# name 11 = flag: flag
# span 0 =       1434,     331302       
# span 1 =     0.3155,    14.7374       
# span 2 =   3.093586,   4.212522       
# span 3 =     0.3143,    14.7363       
# span 4 =   3.093729,   4.212191       
# span 5 =      2.572,   5345.270       
# span 6 =  -46.50676,  -46.50666       
# span 7 =  -45.01300,  -45.01282       
# span 8 =  72.497774,  72.656854       
# span 9 =    34.1483,    34.8353       
# span 10 =    34.1484,    34.8378      
# span 11 = 0.0000e+00, 0.0000e+00      
# interval = seconds: 1                 
# start_time = Mar 13 2021 11:55:48 [NMEA time, header]
# bad_flag = -9.990e-29
*END*
[from data line 1805]
      53078     2.7949   3.201112     2.7934   3.201069   1746.708  -46.50670  -45.01288  72.522680    34.7197    34.7208 0.0000e+00
      53100     2.7990   3.201655     2.7981   3.201683   1748.348  -46.50670  -45.01288  72.522690    34.7210    34.7224 0.0000e+00
      53125     2.7984   3.201730     2.7972   3.201779   1750.405  -46.50670  -45.01288  72.522702    34.7216    34.7234 0.0000e+00
      53149     2.7976   3.201732     2.7965   3.201805   1752.351  -46.50670  -45.01288  72.522714    34.7216    34.7236 0.0000e+00
      53172     2.7902   3.201168     2.7899   3.201351   1754.008  -46.50670  -45.01288  72.522725    34.7218    34.7243 0.0000e+00
      53187     2.7869   3.200900     2.7868   3.201050   1754.686  -46.50670  -45.01288  72.522732    34.7217    34.7236 0.0000e+00
      53316     2.7966   3.201678     2.7959   3.201769   1755.277  -46.50672  -45.01288  72.522795    34.7204    34.7223 0.0000e+00
      53337     2.7940   3.201579     2.7929   3.201672   1756.569  -46.50672  -45.01288  72.522805    34.7214    34.7237 0.0000e+00
      53366     2.7895   3.201296     2.7886   3.201403   1758.780  -46.50670  -45.01288  72.522819    34.7216    34.7240 0.0000e+00
      53389     2.7830   3.200798     2.7823   3.200976   1760.296  -46.50670  -45.01288  72.522830    34.7218    34.7247 0.0000e+00
      53404     2.7798   3.200579     2.7786   3.200711   1761.076  -46.50670  -45.01288  72.522837    34.7222    34.7250 0.0000e+00
      53435     2.7795   3.200588     2.7782   3.200672   1761.916  -46.50670  -45.01288  72.522852    34.7223    34.7246 0.0000e+00
      53456     2.7797   3.200607     2.7783   3.200669   1762.294  -46.50670  -45.01288  72.522862    34.7220    34.7242 0.0000e+00
      53486     2.7792   3.200608     2.7778   3.200670   1762.969  -46.50670  -45.01288  72.522877    34.7223    34.7244 0.0000e+00
      53512     2.7787   3.200621     2.7776   3.200704   1763.972  -46.50670  -45.01288  72.522889    34.7225    34.7246 0.0000e+00
      53535     2.7779   3.200604     2.7769   3.200672   1765.096  -46.50670  -45.01288  72.522900    34.7225    34.7244 0.0000e+00
      53559     2.7756   3.200444     2.7744   3.200545   1766.509  -46.50670  -45.01288  72.522912    34.7223    34.7248 0.0000e+00
      53580     2.7738   3.200335     2.7728   3.200432   1767.787  -46.50670  -45.01288  72.522922    34.7223    34.7246 0.0000e+00
      53599     2.7723   3.200224     2.7711   3.200316   1768.721  -46.50670  -45.01288  72.522931    34.7221    34.7245 0.0000e+00
      53683     2.7774   3.200682     2.7733   3.200543   1769.496  -46.50672  -45.01289  72.522972    34.7219    34.7245 0.0000e+00
      53703     2.7729   3.200366     2.7709   3.200388   1770.244  -46.50672  -45.01288  72.522981    34.7224    34.7249 0.0000e+00
      53725     2.7697   3.200120     2.7686   3.200216   1771.278  -46.50672  -45.01288  72.522992    34.7223    34.7246 0.0000e+00
      53749     2.7696   3.200146     2.7684   3.200241   1772.415  -46.50671  -45.01288  72.523003    34.7222    34.7246 0.0000e+00
      53773     2.7696   3.200189     2.7685   3.200267   1773.364  -46.50670  -45.01288  72.523015    34.7223    34.7243 0.0000e+00
      53791     2.7697   3.200211     2.7686   3.200301   1773.940  -46.50670  -45.01288  72.523024    34.7220    34.7244 0.0000e+00
      53823     2.7698   3.200245     2.7687   3.200329   1774.704  -46.50670  -45.01288  72.523039    34.7220    34.7242 0.0000e+00
      53846     2.7687   3.200191     2.7676   3.200283   1775.470  -46.50670  -45.01288  72.523050    34.7222    34.7245 0.0000e+00
      53868     2.7683   3.200234     2.7672   3.200299   1776.557  -46.50670  -45.01288  72.523061    34.7225    34.7246 0.0000e+00
      53894     2.7684   3.200383     2.7672   3.200431   1778.321  -46.50670  -45.01288  72.523073    34.7234    34.7253 0.0000e+00
      53917     2.7703   3.200710     2.7691   3.200747   1780.053  -46.50670  -45.01288  72.523085    34.7245    34.7262 0.0000e+00
      53936     2.7670   3.200458     2.7662   3.200629   1781.133  -46.50670  -45.01288  72.523094    34.7244    34.7274 0.0000e+00
      53975     2.7665   3.200451     2.7643   3.200447   1782.055  -46.50672  -45.01288  72.523112    34.7244    34.7267 0.0000e+00
      54066     2.7701   3.200646     2.7680   3.200707   1782.875  -46.50672  -45.01290  72.523156    34.7225    34.7255 0.0000e+00
      54085     2.7631   3.200232     2.7623   3.200376   1783.638  -46.50672  -45.01289  72.523166    34.7246    34.7272 0.0000e+00
      54105     2.7614   3.200158     2.7602   3.200237   1784.581  -46.50672  -45.01288  72.523175    34.7251    34.7272 0.0000e+00
      54132     2.7613   3.200163     2.7600   3.200249   1785.655  -46.50672  -45.01288  72.523188    34.7247    34.7270 0.0000e+00
      54157     2.7614   3.200200     2.7602   3.200268   1786.227  -46.50671  -45.01287  72.523200    34.7248    34.7268 0.0000e+00
      54187     2.7614   3.200274     2.7603   3.200341   1786.989  -46.50670  -45.01286  72.523215    34.7253    34.7272 0.0000e+00
      54204     2.7617   3.200384     2.7606   3.200454   1787.827  -46.50670  -45.01286  72.523223    34.7259    34.7278 0.0000e+00
      54228     2.7605   3.200403     2.7595   3.200474   1789.453  -46.50670  -45.01286  72.523235    34.7265    34.7285 0.0000e+00
      54254     2.7598   3.200419     2.7585   3.200504   1791.490  -46.50670  -45.01287  72.523247    34.7265    34.7288 0.0000e+00
      54277     2.7588   3.200442     2.7576   3.200528   1793.411  -46.50670  -45.01288  72.523258    34.7269    34.7292 0.0000e+00
      54300     2.7579   3.200437     2.7568   3.200518   1795.059  -46.50671  -45.01288  72.523269    34.7269    34.7291 0.0000e+00
      54449     2.7605   3.200657     2.7591   3.200727   1796.003  -46.50671  -45.01287  72.523341    34.7264    34.7287 0.0000e+00
      54468     2.7585   3.200605     2.7576   3.200697   1797.526  -46.50670  -45.01286  72.523350    34.7271    34.7292 0.0000e+00
      54492     2.7558   3.200500     2.7547   3.200602   1799.422  -46.50670  -45.01286  72.523362    34.7278    34.7302 0.0000e+00
      54513     2.7524   3.200286     2.7515   3.200414   1800.806  -46.50670  -45.01286  72.523372    34.7282    34.7306 0.0000e+00
      54541     2.7521   3.200280     2.7500   3.200215   1801.572  -46.50670  -45.01286  72.523385    34.7280    34.7295 0.0000e+00
      54570     2.7548   3.200473     2.7534   3.200553   1801.738  -46.50670  -45.01287  72.523399    34.7275    34.7298 0.0000e+00
      54588     2.7538   3.200406     2.7529   3.200530   1802.172  -46.50670  -45.01288  72.523408    34.7275    34.7299 0.0000e+00
      54613     2.7483   3.200033     2.7490   3.200289   1803.302  -46.50670  -45.01288  72.523420    34.7282    34.7306 0.0000e+00
      54636     2.7466   3.199955     2.7456   3.200058   1804.554  -46.50670  -45.01288  72.523431    34.7285    34.7308 0.0000e+00
      54662     2.7465   3.200022     2.7454   3.200095   1805.925  -46.50671  -45.01288  72.523444    34.7287    34.7307 0.0000e+00
      54684     2.7473   3.200147     2.7461   3.200232   1806.911  -46.50672  -45.01288  72.523454    34.7289    34.7312 0.0000e+00
      54704     2.7482   3.200287     2.7469   3.200324   1807.634  -46.50672  -45.01288  72.523464    34.7292    34.7312 0.0000e+00
      54733     2.7488   3.200377     2.7472   3.200412   1808.501  -46.50671  -45.01288  72.523478    34.7292    34.7313 0.0000e+00
      54758     2.7485   3.200359     2.7478   3.200479   1809.160  -46.50670  -45.01288  72.523490    34.7291    34.7312 0.0000e+00
      54778     2.7484   3.200368     2.7477   3.200480   1809.647  -46.50670  -45.01288  72.523500    34.7290    34.7311 0.0000e+00
      54806     2.7492   3.200478     2.7480   3.200557   1810.256  -46.50670  -45.01288  72.523513    34.7293    34.7315 0.0000e+00
      54830     2.7491   3.200477     2.7479   3.200536   1810.784  -46.50670  -45.01288  72.523525    34.7291    34.7310 0.0000e+00
      54862     2.7492   3.200515     2.7481   3.200578   1811.287  -46.50670  -45.01288  72.523540    34.7292    34.7310 0.0000e+00
      54880     2.7490   3.200493     2.7477   3.200593   1811.662  -46.50670  -45.01288  72.523549    34.7289    34.7315 0.0000e+00
      54901     2.7492   3.200576     2.7483   3.200667   1812.403  -46.50670  -45.01288  72.523559    34.7294    34.7314 0.0000e+00
      54924     2.7509   3.200841     2.7498   3.200901   1813.695  -46.50670  -45.01288  72.523570    34.7301    34.7320 0.0000e+00
      54948     2.7517   3.201008     2.7506   3.201099   1815.576  -46.50670  -45.01288  72.523582    34.7304    34.7326 0.0000e+00
      54971     2.7473   3.200686     2.7465   3.200837   1817.451  -46.50670  -45.01288  72.523593    34.7301    34.7328 0.0000e+00
      54997     2.7455   3.200595     2.7445   3.200711   1819.380  -46.50670  -45.01288  72.523605    34.7301    34.7326 0.0000e+00
      55014     2.7402   3.200144     2.7397   3.200316   1820.321  -46.50670  -45.01288  72.523614    34.7297    34.7324 0.0000e+00
      55143     2.7486   3.200927     2.7469   3.200984   1821.066  -46.50671  -45.01288  72.523676    34.7300    34.7324 0.0000e+00
      55165     2.7449   3.200744     2.7435   3.200824   1822.759  -46.50670  -45.01288  72.523686    34.7308    34.7333 0.0000e+00
      55188     2.7400   3.200384     2.7390   3.200503   1824.228  -46.50670  -45.01288  72.523697    34.7309    34.7335 0.0000e+00
      55212     2.7380   3.200231     2.7371   3.200358   1825.274  -46.50670  -45.01288  72.523709    34.7308    34.7332 0.0000e+00
      55235     2.7338   3.199859     2.7331   3.200020   1826.128  -46.50670  -45.01288  72.523720    34.7302    34.7330 0.0000e+00
      55260     2.7313   3.199717     2.7301   3.199831   1827.290  -46.50670  -45.01288  72.523732    34.7306    34.7333 0.0000e+00
      55282     2.7247   3.199157     2.7234   3.199263   1828.491  -46.50670  -45.01288  72.523743    34.7302    34.7330 0.0000e+00
      55306     2.7223   3.198943     2.7212   3.199084   1829.676  -46.50670  -45.01288  72.523754    34.7297    34.7325 0.0000e+00
      55430     2.7258   3.199296     2.7247   3.199496   1830.925  -46.50672  -45.01288  72.523814    34.7296    34.7332 0.0000e+00
      55451     2.7146   3.198342     2.7128   3.198426   1832.443  -46.50672  -45.01288  72.523824    34.7292    34.7321 0.0000e+00
      55476     2.7165   3.198606     2.7152   3.198672   1834.501  -46.50671  -45.01288  72.523836    34.7294    34.7316 0.0000e+00
      55500     2.7171   3.198753     2.7159   3.198834   1836.481  -46.50670  -45.01288  72.523848    34.7296    34.7318 0.0000e+00
      55521     2.7149   3.198579     2.7143   3.198818   1837.875  -46.50670  -45.01288  72.523858    34.7291    34.7326 0.0000e+00
      55651     2.7210   3.199174     2.7181   3.199136   1838.932  -46.50672  -45.01288  72.523921    34.7293    34.7319 0.0000e+00
      55669     2.7152   3.198769     2.7141   3.198882   1840.310  -46.50672  -45.01288  72.523929    34.7299    34.7324 0.0000e+00
      55690     2.7138   3.198787     2.7125   3.198806   1842.022  -46.50672  -45.01288  72.523939    34.7308    34.7323 0.0000e+00
      55718     2.7197   3.199498     2.7184   3.199518   1844.136  -46.50672  -45.01288  72.523953    34.7320    34.7336 0.0000e+00
      55740     2.7230   3.199899     2.7219   3.199944   1845.460  -46.50672  -45.01288  72.523963    34.7328    34.7344 0.0000e+00
      55759     2.7252   3.200166     2.7240   3.200268   1846.170  -46.50672  -45.01288  72.523973    34.7333    34.7358 0.0000e+00
      55828     2.7193   3.199319     2.7181   3.199541   1846.273  -46.50672  -45.01288  72.524006    34.7293    34.7331 0.0000e+00
      55866     2.7201   3.199577     2.7184   3.199516   1846.777  -46.50672  -45.01288  72.524024    34.7313    34.7323 0.0000e+00
      55886     2.7290   3.200671     2.7273   3.200504   1847.799  -46.50672  -45.01288  72.524034    34.7345    34.7343 0.0000e+00
      55908     2.7396   3.201850     2.7384   3.201826   1849.112  -46.50672  -45.01288  72.524045    34.7369    34.7378 0.0000e+00
      55930     2.7435   3.202355     2.7420   3.202288   1850.530  -46.50671  -45.01288  72.524055    34.7382    34.7389 0.0000e+00
      55956     2.7547   3.203634     2.7534   3.203557   1852.006  -46.50671  -45.01288  72.524068    34.7410    34.7414 0.0000e+00
      55979     2.7562   3.203810     2.7551   3.203858   1852.922  -46.50672  -45.01288  72.524079    34.7411    34.7428 0.0000e+00
      56004     2.7567   3.203896     2.7555   3.203950   1853.641  -46.50672  -45.01288  72.524091    34.7412    34.7431 0.0000e+00
      56030     2.7576   3.204058     2.7564   3.204089   1854.508  -46.50672  -45.01288  72.524103    34.7418    34.7434 0.0000e+00
      56053     2.7589   3.204232     2.7578   3.204259   1855.583  -46.50672  -45.01288  72.524114    34.7420    34.7435 0.0000e+00
      56079     2.7689   3.205387     2.7673   3.205239   1856.897  -46.50672  -45.01288  72.524127    34.7446    34.7446 0.0000e+00
      56102     2.7738   3.205829     2.7738   3.206054   1857.513  -46.50672  -45.01288  72.524138    34.7445    34.7472 0.0000e+00
      56155     2.7643   3.204911     2.7660   3.205191   1857.825  -46.50672  -45.01288  72.524164    34.7434    34.7449 0.0000e+00
      56176     2.7743   3.206010     2.7718   3.205856   1858.625  -46.50672  -45.01288  72.524174    34.7456    34.7464 0.0000e+00
      56195     2.7829   3.206977     2.7818   3.206928   1859.539  -46.50672  -45.01288  72.524183    34.7478    34.7483 0.0000e+00
      56219     2.7866   3.207431     2.7855   3.207438   1860.970  -46.50672  -45.01288  72.524194    34.7486    34.7499 0.0000e+00
      56244     2.7870   3.207551     2.7855   3.207555   1862.506  -46.50672  -45.01288  72.524207    34.7488    34.7505 0.0000e+00
      56267     2.7938   3.208300     2.7932   3.208334   1863.532  -46.50672  -45.01288  72.524218    34.7502    34.7513 0.0000e+00
      56291     2.7890   3.207728     2.7927   3.208406   1863.981  -46.50672  -45.01288  72.524229    34.7481    34.7524 0.0000e+00
      56315     2.7884   3.207781     2.7959   3.208608   1864.236  -46.50672  -45.01288  72.524241    34.7493    34.7513 0.0000e+00
      56340     2.8047   3.209502     2.8000   3.209055   1864.878  -46.50672  -45.01288  72.524253    34.7524    34.7521 0.0000e+00
      56361     2.8094   3.210053     2.8084   3.210073   1865.645  -46.50672  -45.01288  72.524263    34.7537    34.7550 0.0000e+00
      56387     2.8097   3.210157     2.8087   3.210173   1866.632  -46.50670  -45.01288  72.524276    34.7541    34.7554 0.0000e+00
      56409     2.8116   3.210432     2.8108   3.210460   1867.511  -46.50670  -45.01288  72.524286    34.7550    34.7562 0.0000e+00
      56437     2.8150   3.210834     2.8138   3.210879   1868.754  -46.50670  -45.01288  72.524300    34.7557    34.7574 0.0000e+00
      56460     2.8141   3.210836     2.8129   3.210876   1869.880  -46.50671  -45.01288  72.524311    34.7561    34.7578 0.0000e+00
      56486     2.8109   3.210587     2.8098   3.210664   1871.100  -46.50672  -45.01288  72.524323    34.7559    34.7580 0.0000e+00
      56511     2.8066   3.210254     2.8057   3.210329   1872.248  -46.50672  -45.01288  72.524336    34.7559    34.7577 0.0000e+00
      56531     2.8093   3.210579     2.8087   3.210658   1873.120  -46.50672  -45.01288  72.524345    34.7565    34.7581 0.0000e+00
      56555     2.8115   3.210846     2.8100   3.210833   1874.087  -46.50672  -45.01288  72.524357    34.7569    34.7584 0.0000e+00
      56583     2.8128   3.211018     2.8117   3.211085   1874.847  -46.50672  -45.01289  72.524370    34.7572    34.7592 0.0000e+00
      56640     2.8122   3.210942     2.8110   3.211014   1875.420  -46.50672  -45.01288  72.524398    34.7567    34.7589 0.0000e+00
