SAGA/data/raw_ctdtime/st002.cnv
* Sea-Bird SBE 9 Data File:
* FileName = C:\Users\CTD01\Desktop\CTD_SAGA\ST002.hex
* Software Version Seasave V 7.26.7.121
* Temperature SN = 4669
* Conductivity SN = 3289
* Number of Bytes Per Scan = 37
* Number of Voltage Words = 4
* Number of Scans Averaged by the Deck Unit = 1
* NMEA Latitude = 46 30.40 S
* NMEA Longitude = 045 00.77 W
* NMEA UTC (Time) = Mar 13 2021 11:55:48
* NMEA baud rate = 9600
** Ship:Sarmiento de Gamboa
** Cruise:SAGA 10W
** Cast:  002
** Station:  002
** Depth:  5460
** Date:  13/03/2021
** Time:  11:55
# nquan = 12
# nvalues = 10417                       
# units = specified
# name 0 = scan: Scan Count
# name 1 = t090C: Temperature [ITS-90, deg C]
# name 2 = c0S/m: Conductivity [S/m]
# name 3 = t190C: Temperature, 2 [ITS-90, deg C]
# name 4 = c1S/m: Conductivity, 2 [S/m]
# name 5 = prDM: Pressure, Digiquartz [db]
# name 6 = latitude: Latitude [deg]
# name 7 = longitude: Longitude [deg]
# name 8 = timeJ: Julian Days
# name 9 = sal00: Salinity, Practical [PSU]
# name 10 = sal11: Salinity, Practical, 2 [PSU]
# name 11 = flag: flag
# span 0 =       1434,     331302       
# span 1 =     0.3155,    14.7374       
# span 2 =   3.093586,   4.212522       
# span 3 =     0.3143,    14.7363       
# span 4 =   3.093729,   4.212191       
# span 5 =      2.572,   5345.270       
# span 6 =  -46.50676,  -46.50666       
# span 7 =  -45.01300,  -45.01282       
# span 8 =  72.497774,  72.656854       
# span 9 =    34.1483,    34.8353       
# span 10 =    34.1484,    34.8378      
# span 11 = 0.0000e+00, 0.0000e+00      
# interval = seconds: 1                 
# start_time = Mar 13 2021 11:55:48 [NMEA time, header]
# bad_flag = -9.990e-29
*END*
[from data line 3128]
      91998     1.7108   3.164437     1.7096   3.164566   3154.410  -46.50672  -45.01288  72.541449    34.7598    34.7626 0.0000e+00
      92133     1.7258   3.165744     1.7236   3.165839   3154.704  -46.50672  -45.01290  72.541514    34.7597    34.7632 0.0000e+00
      92149     1.7219   3.165432     1.7208   3.165592   3155.583  -46.50672  -45.01290  72.541522    34.7595    34.7628 0.0000e+00
      92171     1.7165   3.164977     1.7154   3.165154   3156.744  -46.50672  -45.01289  72.541533    34.7593    34.7626 0.0000e+00
      92198     1.7045   3.163935     1.7035   3.164147   3158.020  -46.50672  -45.01288  72.541546    34.7587    34.7624 0.0000e+00
      92219     1.7030   3.163832     1.7018   3.163984   3159.084  -46.50672  -45.01288  72.541556    34.7586    34.7617 0.0000e+00
      92245     1.7002   3.163649     1.6990   3.163801   3160.553  -46.50672  -45.01288  72.541568    34.7586    34.7617 0.0000e+00
      92268     1.6984   3.163516     1.6972   3.163673   3161.847  -46.50672  -45.01287  72.541579    34.7583    34.7615 0.0000e+00
      92290     1.6981   3.163501     1.6968   3.163650   3162.770  -46.50672  -45.01286  72.541590    34.7580    34.7613 0.0000e+00
      92316     1.6999   3.163745     1.6969   3.163645   3163.400  -46.50672  -45.01286  72.541602    34.7588    34.7609 0.0000e+00
      92341     1.7021   3.163865     1.6988   3.163835   3163.680  -46.50672  -45.01287  72.541615    34.7579    34.7610 0.0000e+00
      92365     1.6988   3.163614     1.6962   3.163648   3164.165  -46.50672  -45.01288  72.541626    34.7581    34.7612 0.0000e+00
      92388     1.6956   3.163342     1.6944   3.163492   3165.040  -46.50672  -45.01288  72.541637    34.7578    34.7609 0.0000e+00
      92410     1.6930   3.163143     1.6918   3.163303   3166.212  -46.50672  -45.01288  72.541648    34.7575    34.7607 0.0000e+00
      92438     1.6896   3.162900     1.6884   3.163050   3168.030  -46.50672  -45.01288  72.541661    34.7574    34.7605 0.0000e+00
      92458     1.6897   3.162970     1.6884   3.163096   3169.339  -46.50672  -45.01288  72.541671    34.7575    34.7604 0.0000e+00
      92486     1.6892   3.162965     1.6877   3.163084   3170.680  -46.50672  -45.01290  72.541685    34.7574    34.7605 0.0000e+00
      92632     1.6955   3.163541     1.6939   3.163666   3171.418  -46.50672  -45.01288  72.541755    34.7574    34.7607 0.0000e+00
      92654     1.6901   3.163132     1.6893   3.163312   3172.616  -46.50672  -45.01287  72.541766    34.7575    34.7606 0.0000e+00
      92675     1.6864   3.162864     1.6852   3.163020   3174.090  -46.50672  -45.01286  72.541776    34.7576    34.7608 0.0000e+00
      92700     1.6852   3.162824     1.6839   3.162958   3176.074  -46.50671  -45.01286  72.541788    34.7574    34.7605 0.0000e+00
      92726     1.6848   3.162863     1.6836   3.162989   3178.130  -46.50670  -45.01287  72.541800    34.7575    34.7603 0.0000e+00
      92749     1.6845   3.162891     1.6831   3.163018   3179.827  -46.50671  -45.01288  72.541811    34.7573    34.7603 0.0000e+00
      92770     1.6839   3.162871     1.6827   3.163016   3181.068  -46.50672  -45.01288  72.541821    34.7572    34.7603 0.0000e+00
      92793     1.6832   3.162842     1.6819   3.162991   3182.136  -46.50672  -45.01288  72.541833    34.7571    34.7603 0.0000e+00
      92819     1.6833   3.162888     1.6821   3.163021   3182.903  -46.50672  -45.01288  72.541845    34.7572    34.7601 0.0000e+00
      92927     1.6867   3.163190     1.6860   3.163397   3183.559  -46.50674  -45.01290  72.541897    34.7571    34.7603 0.0000e+00
      92942     1.6858   3.163143     1.6844   3.163265   3184.094  -46.50672  -45.01290  72.541904    34.7571    34.7600 0.0000e+00
      92966     1.6837   3.162985     1.6831   3.163161   3184.829  -46.50672  -45.01290  72.541916    34.7571    34.7599 0.0000e+00
      92985     1.6838   3.163000     1.6831   3.163171   3185.170  -46.50672  -45.01289  72.541925    34.7570    34.7598 0.0000e+00
      93013     1.6841   3.163041     1.6830   3.163174   3185.617  -46.50672  -45.01288  72.541939    34.7570    34.7598 0.0000e+00
      93040     1.6832   3.162995     1.6820   3.163154   3186.563  -46.50671  -45.01288  72.541952    34.7570    34.7601 0.0000e+00
      93063     1.6799   3.162750     1.6787   3.162916   3187.892  -46.50670  -45.01288  72.541962    34.7569    34.7602 0.0000e+00
      93086     1.6742   3.162305     1.6730   3.162500   3189.619  -46.50670  -45.01286  72.541974    34.7567    34.7603 0.0000e+00
      93106     1.6708   3.162055     1.6696   3.162228   3191.188  -46.50670  -45.01286  72.541984    34.7565    34.7600 0.0000e+00
      93136     1.6676   3.161857     1.6663   3.162014   3193.454  -46.50670  -45.01288  72.541998    34.7565    34.7598 0.0000e+00
      93156     1.6667   3.161828     1.6655   3.161980   3194.861  -46.50671  -45.01288  72.542008    34.7565    34.7597 0.0000e+00
      93179     1.6639   3.161639     1.6628   3.161806   3196.332  -46.50672  -45.01288  72.542019    34.7564    34.7597 0.0000e+00
      93204     1.6630   3.161605     1.6616   3.161735   3197.503  -46.50672  -45.01289  72.542031    34.7565    34.7595 0.0000e+00
      93381     1.6729   3.162481     1.6713   3.162617   3198.259  -46.50670  -45.01288  72.542116    34.7563    34.7597 0.0000e+00
      93397     1.6687   3.162163     1.6676   3.162311   3199.242  -46.50670  -45.01288  72.542124    34.7565    34.7595 0.0000e+00
      93421     1.6630   3.161727     1.6615   3.161883   3200.714  -46.50670  -45.01287  72.542135    34.7566    34.7601 0.0000e+00
      93447     1.6607   3.161590     1.6594   3.161693   3202.366  -46.50670  -45.01286  72.542148    34.7565    34.7592 0.0000e+00
      93468     1.6585   3.161409     1.6572   3.161579   3203.900  -46.50670  -45.01286  72.542158    34.7561    34.7595 0.0000e+00
      93494     1.6536   3.161031     1.6524   3.161217   3205.932  -46.50670  -45.01286  72.542171    34.7556    34.7592 0.0000e+00
      93515     1.6507   3.160827     1.6495   3.160986   3207.637  -46.50670  -45.01286  72.542181    34.7554    34.7587 0.0000e+00
      93540     1.6489   3.160727     1.6478   3.160906   3209.530  -46.50671  -45.01287  72.542193    34.7553    34.7586 0.0000e+00
      93560     1.6466   3.160510     1.6451   3.160687   3210.562  -46.50672  -45.01288  72.542202    34.7546    34.7583 0.0000e+00
      93719     1.6593   3.161702     1.6574   3.161766   3210.619  -46.50670  -45.01288  72.542279    34.7557    34.7586 0.0000e+00
      93733     1.6587   3.161679     1.6571   3.161771   3211.404  -46.50670  -45.01288  72.542286    34.7557    34.7585 0.0000e+00
      93756     1.6500   3.160935     1.6487   3.161196   3212.981  -46.50670  -45.01288  72.542297    34.7551    34.7597 0.0000e+00
      93781     1.6387   3.159963     1.6365   3.160081   3214.643  -46.50670  -45.01288  72.542309    34.7545    34.7582 0.0000e+00
      93805     1.6332   3.159451     1.6320   3.159638   3216.049  -46.50670  -45.01288  72.542321    34.7535    34.7570 0.0000e+00
      93828     1.6318   3.159360     1.6305   3.159511   3217.267  -46.50670  -45.01288  72.542331    34.7533    34.7565 0.0000e+00
      93855     1.6311   3.159344     1.6299   3.159480   3218.818  -46.50670  -45.01288  72.542345    34.7531    34.7561 0.0000e+00
      93873     1.6306   3.159337     1.6293   3.159479   3219.811  -46.50670  -45.01288  72.542353    34.7531    34.7562 0.0000e+00
      93897     1.6301   3.159334     1.6288   3.159475   3221.052  -46.50670  -45.01288  72.542365    34.7531    34.7561 0.0000e+00
      93930     1.6338   3.159788     1.6326   3.159886   3222.428  -46.50672  -45.01288  72.542381    34.7541    34.7566 0.0000e+00
      93950     1.6380   3.160228     1.6353   3.160228   3223.103  -46.50672  -45.01288  72.542390    34.7546    34.7575 0.0000e+00
      93962     1.6385   3.160283     1.6370   3.160409   3223.461  -46.50672  -45.01288  72.542396    34.7546    34.7578 0.0000e+00
      94001     1.6364   3.160016     1.6365   3.160365   3224.044  -46.50672  -45.01290  72.542415    34.7534    34.7575 0.0000e+00
      94080     1.6351   3.159937     1.6340   3.160032   3224.115  -46.50672  -45.01290  72.542453    34.7537    34.7561 0.0000e+00
      94095     1.6358   3.160038     1.6341   3.160107   3224.738  -46.50672  -45.01290  72.542460    34.7539    34.7565 0.0000e+00
      94117     1.6365   3.160216     1.6350   3.160292   3225.971  -46.50672  -45.01289  72.542471    34.7548    34.7574 0.0000e+00
      94139     1.6349   3.160128     1.6337   3.160262   3227.383  -46.50672  -45.01288  72.542482    34.7548    34.7577 0.0000e+00
      94164     1.6337   3.160076     1.6324   3.160207   3229.054  -46.50671  -45.01288  72.542494    34.7547    34.7577 0.0000e+00
      94187     1.6332   3.160067     1.6318   3.160198   3230.513  -46.50670  -45.01288  72.542505    34.7545    34.7575 0.0000e+00
      94213     1.6300   3.159809     1.6287   3.159965   3231.898  -46.50670  -45.01288  72.542517    34.7541    34.7574 0.0000e+00
      94232     1.6291   3.159757     1.6273   3.159801   3232.445  -46.50670  -45.01288  72.542527    34.7542    34.7567 0.0000e+00
      94292     1.6328   3.160088     1.6312   3.160188   3232.616  -46.50672  -45.01290  72.542555    34.7541    34.7571 0.0000e+00
      94309     1.6296   3.159803     1.6298   3.160112   3233.190  -46.50672  -45.01290  72.542564    34.7538    34.7574 0.0000e+00
      94333     1.6216   3.159120     1.6207   3.159323   3234.581  -46.50672  -45.01289  72.542575    34.7533    34.7568 0.0000e+00
      94357     1.6209   3.159108     1.6196   3.159231   3236.451  -46.50672  -45.01288  72.542587    34.7531    34.7560 0.0000e+00
      94379     1.6197   3.159040     1.6184   3.159189   3238.237  -46.50672  -45.01289  72.542597    34.7528    34.7559 0.0000e+00
      94404     1.6149   3.158640     1.6140   3.158848   3240.035  -46.50672  -45.01290  72.542610    34.7521    34.7557 0.0000e+00
      94428     1.6125   3.158461     1.6116   3.158589   3240.859  -46.50672  -45.01290  72.542621    34.7522    34.7547 0.0000e+00
      94576     1.6246   3.159612     1.6223   3.159651   3241.359  -46.50672  -45.01290  72.542692    34.7532    34.7561 0.0000e+00
      94598     1.6131   3.158561     1.6119   3.158876   3243.010  -46.50672  -45.01288  72.542703    34.7518    34.7570 0.0000e+00
      94620     1.5973   3.157144     1.5961   3.157394   3244.854  -46.50671  -45.01288  72.542714    34.7504    34.7547 0.0000e+00
      94646     1.5946   3.156981     1.5934   3.157143   3247.037  -46.50671  -45.01288  72.542726    34.7502    34.7535 0.0000e+00
      94668     1.5917   3.156757     1.5904   3.156942   3248.832  -46.50672  -45.01288  72.542737    34.7498    34.7534 0.0000e+00
      94693     1.5898   3.156622     1.5887   3.156800   3250.505  -46.50672  -45.01288  72.542749    34.7494    34.7528 0.0000e+00
      94713     1.5902   3.156661     1.5885   3.156792   3251.266  -46.50672  -45.01288  72.542759    34.7491    34.7525 0.0000e+00
      94822     1.6029   3.157877     1.6037   3.158295   3251.415  -46.50672  -45.01290  72.542811    34.7503    34.7549 0.0000e+00
      94838     1.5996   3.157591     1.5985   3.157773   3252.232  -46.50672  -45.01290  72.542818    34.7501    34.7535 0.0000e+00
      94861     1.5928   3.157016     1.5924   3.157259   3253.520  -46.50672  -45.01290  72.542830    34.7497    34.7531 0.0000e+00
      94876     1.5929   3.157119     1.5916   3.157224   3254.282  -46.50672  -45.01290  72.542837    34.7505    34.7532 0.0000e+00
      94906     1.5890   3.156746     1.5880   3.156922   3255.599  -46.50672  -45.01288  72.542852    34.7495    34.7528 0.0000e+00
      94927     1.5872   3.156585     1.5858   3.156715   3256.407  -46.50672  -45.01288  72.542862    34.7491    34.7522 0.0000e+00
      94956     1.5863   3.156534     1.5847   3.156658   3257.577  -46.50672  -45.01288  72.542876    34.7489    34.7521 0.0000e+00
      94982     1.5864   3.156621     1.5852   3.156745   3258.858  -46.50672  -45.01287  72.542888    34.7492    34.7520 0.0000e+00
      95004     1.5834   3.156363     1.5825   3.156548   3260.097  -46.50671  -45.01286  72.542899    34.7488    34.7520 0.0000e+00
      95028     1.5825   3.156350     1.5812   3.156467   3261.433  -46.50671  -45.01286  72.542910    34.7489    34.7518 0.0000e+00
      95050     1.5816   3.156300     1.5803   3.156439   3262.429  -46.50672  -45.01287  72.542921    34.7488    34.7519 0.0000e+00
      95076     1.5820   3.156346     1.5810   3.156511   3263.162  -46.50672  -45.01288  72.542934    34.7487    34.7518 0.0000e+00
      95107     1.5817   3.156349     1.5806   3.156488   3263.727  -46.50672  -45.01288  72.542948    34.7488    34.7516 0.0000e+00
      95125     1.5812   3.156298     1.5799   3.156461   3264.226  -46.50672  -45.01288  72.542957    34.7485    34.7519 0.0000e+00
      95148     1.5778   3.156039     1.5767   3.156189   3265.139  -46.50672  -45.01288  72.542968    34.7484    34.7515 0.0000e+00
      95173     1.5780   3.156117     1.5768   3.156248   3266.164  -46.50672  -45.01288  72.542980    34.7488    34.7516 0.0000e+00
      95195     1.5779   3.156153     1.5766   3.156275   3266.847  -46.50672  -45.01288  72.542991    34.7490    34.7518 0.0000e+00
      95244     1.5787   3.156208     1.5785   3.156435   3267.287  -46.50672  -45.01288  72.543014    34.7485    34.7515 0.0000e+00
      95273     1.5774   3.156158     1.5765   3.156309   3268.028  -46.50672  -45.01288  72.543028    34.7490    34.7518 0.0000e+00
      95290     1.5771   3.156162     1.5759   3.156289   3268.797  -46.50672  -45.01288  72.543037    34.7490    34.7519 0.0000e+00
      95315     1.5772   3.156209     1.5759   3.156351   3270.044  -46.50671  -45.01287  72.543049    34.7490    34.7521 0.0000e+00
      95344     1.5714   3.155710     1.5703   3.155899   3271.561  -46.50670  -45.01286  72.543063    34.7483    34.7519 0.0000e+00
      95362     1.5673   3.155335     1.5659   3.155525   3272.511  -46.50671  -45.01286  72.543071    34.7477    34.7515 0.0000e+00
      95387     1.5622   3.154916     1.5610   3.155092   3273.906  -46.50672  -45.01287  72.543084    34.7473    34.7508 0.0000e+00
      95416     1.5573   3.154508     1.5563   3.154715   3275.470  -46.50672  -45.01288  72.543098    34.7468    34.7505 0.0000e+00
      95437     1.5532   3.154169     1.5520   3.154341   3276.573  -46.50672  -45.01288  72.543108    34.7465    34.7500 0.0000e+00
      95460     1.5493   3.153832     1.5482   3.154031   3277.671  -46.50672  -45.01288  72.543119    34.7461    34.7497 0.0000e+00
      95557     1.5537   3.154263     1.5534   3.154445   3278.923  -46.50672  -45.01288  72.543165    34.7461    34.7486 0.0000e+00
      95584     1.5468   3.153600     1.5414   3.153504   3279.614  -46.50672  -45.01288  72.543178    34.7450    34.7496 0.0000e+00
      95603     1.5369   3.152754     1.5393   3.153265   3280.244  -46.50672  -45.01288  72.543188    34.7449    34.7486 0.0000e+00
      95628     1.5346   3.152550     1.5333   3.152720   3281.032  -46.50672  -45.01288  72.543200    34.7445    34.7479 0.0000e+00
      95655     1.5344   3.152558     1.5331   3.152708   3282.032  -46.50672  -45.01288  72.543213    34.7444    34.7475 0.0000e+00
      95678     1.5335   3.152518     1.5323   3.152687   3283.148  -46.50671  -45.01288  72.543224    34.7443    34.7476 0.0000e+00
      95701     1.5300   3.152269     1.5287   3.152441   3284.581  -46.50670  -45.01288  72.543235    34.7443    34.7478 0.0000e+00
      95724     1.5282   3.152150     1.5269   3.152293   3286.251  -46.50671  -45.01288  72.543246    34.7440    34.7472 0.0000e+00
      95748     1.5276   3.152138     1.5263   3.152288   3287.795  -46.50672  -45.01288  72.543257    34.7438    34.7470 0.0000e+00
      95770     1.5275   3.152152     1.5260   3.152285   3288.912  -46.50672  -45.01288  72.543268    34.7436    34.7468 0.0000e+00
