SAGA/data/raw_ctdtime/st002.cnv
* Sea-Bird SBE 9 Data File:
* FileName = C:\Users\CTD01\Desktop\CTD_SAGA\ST002.hex
* Software Version Seasave V 7.26.7.121
* Temperature SN = 4669
* Conductivity SN = 3289
* Number of Bytes Per Scan = 37
* Number of Voltage Words = 4
* Number of Scans Averaged by the Deck Unit = 1
* NMEA Latitude = 46 30.40 S
* NMEA Longitude = 045 00.77 W
* NMEA UTC (Time) = Mar 13 2021 11:55:48
* NMEA baud rate = 9600
** Ship:Sarmiento de Gamboa
** Cruise:SAGA 10W
** Cast:  002
** Station:  002
** Depth:  5460
** Date:  13/03/2021
** Time:  11:55
# nquan = 12
# nvalues = 10417                       
# units = specified
# name 0 = scan: Scan Count
# name 1 = t090C: Temperature [ITS-90, deg C]
# name 2 = c0S/m: Conductivity [S/m]
# name 3 = t190C: Temperature, 2 [ITS-90, deg C]
# name 4 = c1S/m: Conductivity, 2 [S/m]
# name 5 = prDM: Pressure, Digiquartz [db]
# name 6 = latitude: Latitude [deg]
# name 7 = longitude: Longitude [deg]
# name 8 = timeJ: Julian Days
# name 9 = sal00: Salinity, Practical [PSU]
# name 10 = sal11: Salinity, Practical, 2 [PSU]
# name 11 = flag: flag
# span 0 =       1434,     331302       
# span 1 =     0.3155,    14.7374       
# span 2 =   3.093586,   4.212522       
# span 3 =     0.3143,    14.7363       
# span 4 =   3.093729,   4.212191       
# span 5 =      2.572,   5345.270       
# span 6 =  -46.50676,  -46.50666       
# span 7 =  -45.01300,  -45.01282       
# span 8 =  72.497774,  72.656854       
# span 9 =    34.1483,    34.8353       
# span 10 =    34.1484,    34.8378      
# span 11 = 0.0000e+00, 0.0000e+00      
# interval = seconds: 1                 
# start_time = Mar 13 2021 11:55:48 [NMEA time, header]
# bad_flag = -9.990e-29
*END*
[from data line 2527]
      74218     2.5162   3.215313     2.5149   3.215417   2511.309  -46.50671  -45.01288  72.532875    34.8190    34.8216 0.0000e+00
      74246     2.5156   3.215334     2.5145   3.215442   2512.751  -46.50672  -45.01288  72.532888    34.8192    34.8218 0.0000e+00
      74267     2.5153   3.215332     2.5141   3.215438   2513.552  -46.50672  -45.01288  72.532898    34.8191    34.8217 0.0000e+00
      74312     2.5176   3.215520     2.5159   3.215595   2514.039  -46.50672  -45.01290  72.532920    34.8188    34.8214 0.0000e+00
      74393     2.5185   3.215640     2.5178   3.215795   2514.415  -46.50672  -45.01288  72.532959    34.8191    34.8217 0.0000e+00
      74413     2.5167   3.215534     2.5155   3.215641   2515.538  -46.50672  -45.01288  72.532969    34.8192    34.8218 0.0000e+00
      74435     2.5150   3.215437     2.5137   3.215542   2516.868  -46.50672  -45.01288  72.532980    34.8192    34.8218 0.0000e+00
      74457     2.5141   3.215410     2.5128   3.215499   2517.912  -46.50671  -45.01288  72.532990    34.8193    34.8218 0.0000e+00
      74479     2.5144   3.215405     2.5130   3.215519   2518.496  -46.50670  -45.01288  72.533001    34.8187    34.8216 0.0000e+00
      74515     2.5132   3.215387     2.5120   3.215502   2519.637  -46.50670  -45.01288  72.533018    34.8192    34.8219 0.0000e+00
      74532     2.5128   3.215396     2.5115   3.215517   2520.515  -46.50670  -45.01288  72.533026    34.8194    34.8221 0.0000e+00
      74555     2.5126   3.215450     2.5113   3.215548   2522.054  -46.50670  -45.01288  72.533037    34.8194    34.8220 0.0000e+00
      74580     2.5124   3.215521     2.5112   3.215624   2523.900  -46.50670  -45.01287  72.533049    34.8197    34.8222 0.0000e+00
      74605     2.5121   3.215561     2.5108   3.215641   2525.526  -46.50670  -45.01287  72.533061    34.8197    34.8220 0.0000e+00
      74626     2.5123   3.215592     2.5110   3.215698   2526.327  -46.50670  -45.01288  72.533071    34.8195    34.8221 0.0000e+00
      74661     2.5127   3.215615     2.5114   3.215730   2526.685  -46.50672  -45.01288  72.533088    34.8192    34.8220 0.0000e+00
      74681     2.5126   3.215618     2.5112   3.215726   2526.966  -46.50672  -45.01288  72.533098    34.8192    34.8220 0.0000e+00
      74704     2.5127   3.215724     2.5114   3.215792   2527.738  -46.50672  -45.01288  72.533109    34.8200    34.8222 0.0000e+00
      74722     2.5125   3.215759     2.5113   3.215845   2528.506  -46.50672  -45.01289  72.533118    34.8203    34.8226 0.0000e+00
      74748     2.5115   3.215697     2.5103   3.215782   2529.410  -46.50671  -45.01289  72.533131    34.8202    34.8225 0.0000e+00
      74844     2.5125   3.215782     2.5115   3.215917   2530.253  -46.50669  -45.01287  72.533177    34.8197    34.8225 0.0000e+00
      74868     2.5101   3.215658     2.5091   3.215798   2531.517  -46.50668  -45.01286  72.533188    34.8202    34.8229 0.0000e+00
      74895     2.5077   3.215513     2.5066   3.215651   2533.443  -46.50668  -45.01286  72.533201    34.8201    34.8229 0.0000e+00
      74917     2.5027   3.215122     2.5017   3.215298   2535.147  -46.50668  -45.01286  72.533212    34.8198    34.8231 0.0000e+00
      74941     2.5001   3.214925     2.4988   3.215044   2536.753  -46.50669  -45.01287  72.533223    34.8195    34.8223 0.0000e+00
      74965     2.4980   3.214796     2.4966   3.214901   2538.302  -46.50670  -45.01288  72.533235    34.8194    34.8222 0.0000e+00
      74988     2.4964   3.214709     2.4950   3.214814   2539.771  -46.50670  -45.01288  72.533246    34.8193    34.8221 0.0000e+00
      75008     2.4952   3.214634     2.4939   3.214750   2541.063  -46.50670  -45.01288  72.533256    34.8192    34.8220 0.0000e+00
      75029     2.4951   3.214649     2.4935   3.214726   2541.871  -46.50670  -45.01288  72.533265    34.8190    34.8217 0.0000e+00
      75165     2.5004   3.215143     2.4989   3.215211   2542.007  -46.50670  -45.01288  72.533331    34.8193    34.8217 0.0000e+00
      75185     2.4998   3.215129     2.4978   3.215153   2542.939  -46.50668  -45.01288  72.533341    34.8194    34.8218 0.0000e+00
      75203     2.4970   3.214900     2.4951   3.214984   2543.972  -46.50668  -45.01288  72.533350    34.8192    34.8221 0.0000e+00
      75230     2.4928   3.214658     2.4914   3.214734   2545.708  -46.50668  -45.01288  72.533362    34.8199    34.8222 0.0000e+00
      75252     2.4935   3.214801     2.4922   3.214888   2547.360  -46.50668  -45.01288  72.533373    34.8200    34.8224 0.0000e+00
      75276     2.4916   3.214707     2.4903   3.214822   2549.096  -46.50668  -45.01288  72.533385    34.8201    34.8228 0.0000e+00
      75301     2.4887   3.214490     2.4876   3.214634   2550.610  -46.50669  -45.01288  72.533397    34.8199    34.8228 0.0000e+00
      75322     2.4871   3.214393     2.4858   3.214495   2551.573  -46.50670  -45.01288  72.533407    34.8200    34.8225 0.0000e+00
      75350     2.4833   3.214055     2.4827   3.214257   2552.488  -46.50670  -45.01288  72.533420    34.8194    34.8226 0.0000e+00
      75370     2.4808   3.213843     2.4792   3.213935   2552.992  -46.50670  -45.01288  72.533430    34.8194    34.8221 0.0000e+00
      75388     2.4786   3.213706     2.4775   3.213790   2553.348  -46.50670  -45.01288  72.533439    34.8198    34.8220 0.0000e+00
      75414     2.4860   3.214390     2.4797   3.213964   2553.403  -46.50670  -45.01288  72.533451    34.8202    34.8217 0.0000e+00
      75494     2.4916   3.214821     2.4884   3.214850   2553.915  -46.50670  -45.01290  72.533490    34.8193    34.8230 0.0000e+00
      75516     2.4721   3.213076     2.4712   3.213405   2555.374  -46.50670  -45.01289  72.533501    34.8181    34.8231 0.0000e+00
      75541     2.4662   3.212614     2.4649   3.212750   2557.318  -46.50669  -45.01288  72.533513    34.8179    34.8209 0.0000e+00
      75567     2.4598   3.212074     2.4587   3.212289   2559.333  -46.50668  -45.01288  72.533525    34.8172    34.8210 0.0000e+00
      75590     2.4556   3.211719     2.4545   3.211899   2560.748  -46.50669  -45.01288  72.533536    34.8167    34.8201 0.0000e+00
      75613     2.4555   3.211767     2.4543   3.211895   2561.813  -46.50670  -45.01288  72.533547    34.8169    34.8198 0.0000e+00
      75640     2.4574   3.211945     2.4555   3.212033   2562.531  -46.50670  -45.01288  72.533560    34.8168    34.8199 0.0000e+00
      75662     2.4629   3.212441     2.4571   3.212190   2562.764  -46.50670  -45.01289  72.533571    34.8168    34.8199 0.0000e+00
      75686     2.4592   3.212115     2.4577   3.212222   2562.968  -46.50670  -45.01290  72.533583    34.8167    34.8196 0.0000e+00
      75712     2.4576   3.212008     2.4571   3.212200   2563.483  -46.50670  -45.01290  72.533595    34.8168    34.8197 0.0000e+00
      75730     2.4579   3.212071     2.4561   3.212143   2564.056  -46.50670  -45.01290  72.533604    34.8170    34.8198 0.0000e+00
      75759     2.4567   3.212035     2.4556   3.212152   2565.018  -46.50670  -45.01289  72.533618    34.8174    34.8199 0.0000e+00
      75782     2.4577   3.212150     2.4564   3.212241   2565.723  -46.50670  -45.01288  72.533629    34.8174    34.8199 0.0000e+00
      75805     2.4578   3.212211     2.4565   3.212320   2566.595  -46.50670  -45.01288  72.533640    34.8176    34.8203 0.0000e+00
      75829     2.4559   3.212101     2.4547   3.212227   2567.928  -46.50669  -45.01288  72.533652    34.8177    34.8204 0.0000e+00
      75852     2.4551   3.212122     2.4538   3.212208   2569.476  -46.50669  -45.01288  72.533662    34.8180    34.8205 0.0000e+00
      75875     2.4573   3.212415     2.4559   3.212505   2571.105  -46.50670  -45.01288  72.533674    34.8185    34.8211 0.0000e+00
      75897     2.4569   3.212409     2.4557   3.212552   2572.125  -46.50670  -45.01288  72.533684    34.8184    34.8214 0.0000e+00
      75974     2.4574   3.212442     2.4560   3.212560   2572.904  -46.50670  -45.01290  72.533722    34.8179    34.8208 0.0000e+00
      75995     2.4587   3.212686     2.4571   3.212729   2573.938  -46.50670  -45.01290  72.533732    34.8190    34.8212 0.0000e+00
      76018     2.4599   3.212907     2.4588   3.212979   2575.400  -46.50670  -45.01289  72.533743    34.8197    34.8217 0.0000e+00
      76041     2.4618   3.213147     2.4620   3.213424   2576.798  -46.50670  -45.01288  72.533754    34.8200    34.8231 0.0000e+00
      76068     2.4514   3.212209     2.4503   3.212342   2577.975  -46.50670  -45.01288  72.533767    34.8191    34.8219 0.0000e+00
      76173     2.4531   3.212417     2.4546   3.212771   2579.514  -46.50670  -45.01288  72.533817    34.8191    34.8217 0.0000e+00
      76188     2.4525   3.212422     2.4526   3.212660   2580.451  -46.50670  -45.01288  72.533825    34.8193    34.8221 0.0000e+00
      76213     2.4527   3.212504     2.4517   3.212703   2582.378  -46.50670  -45.01288  72.533837    34.8192    34.8226 0.0000e+00
      76236     2.4389   3.211279     2.4381   3.211537   2584.070  -46.50670  -45.01288  72.533848    34.8182    34.8222 0.0000e+00
      76258     2.4371   3.211135     2.4360   3.211296   2585.376  -46.50670  -45.01288  72.533858    34.8177    34.8209 0.0000e+00
      76284     2.4380   3.211268     2.4368   3.211378   2586.161  -46.50670  -45.01288  72.533871    34.8180    34.8207 0.0000e+00
      76309     2.4447   3.211851     2.4389   3.211550   2586.453  -46.50670  -45.01288  72.533883    34.8179    34.8204 0.0000e+00
      76327     2.4391   3.211365     2.4367   3.211409   2586.849  -46.50670  -45.01288  72.533892    34.8178    34.8209 0.0000e+00
      76351     2.4375   3.211281     2.4375   3.211505   2587.705  -46.50670  -45.01288  72.533903    34.8181    34.8208 0.0000e+00
      76383     2.4362   3.211182     2.4351   3.211319   2588.807  -46.50670  -45.01288  72.533919    34.8178    34.8205 0.0000e+00
      76456     2.4381   3.211411     2.4374   3.211548   2589.724  -46.50670  -45.01286  72.533954    34.8181    34.8205 0.0000e+00
      76477     2.4390   3.211545     2.4370   3.211582   2590.570  -46.50670  -45.01286  72.533964    34.8184    34.8208 0.0000e+00
      76500     2.4433   3.212042     2.4415   3.211991   2591.928  -46.50670  -45.01287  72.533975    34.8192    34.8204 0.0000e+00
      76523     2.4495   3.212745     2.4481   3.212785   2593.568  -46.50670  -45.01288  72.533986    34.8203    34.8223 0.0000e+00
      76548     2.4498   3.212859     2.4485   3.212909   2595.319  -46.50670  -45.01288  72.533998    34.8205    34.8226 0.0000e+00
      76568     2.4493   3.212840     2.4488   3.213013   2596.384  -46.50670  -45.01288  72.534008    34.8204    34.8230 0.0000e+00
      76593     2.4507   3.213021     2.4494   3.213115   2597.271  -46.50670  -45.01288  72.534020    34.8206    34.8232 0.0000e+00
      76618     2.4503   3.212997     2.4488   3.213056   2597.796  -46.50670  -45.01288  72.534032    34.8206    34.8229 0.0000e+00
      76642     2.4499   3.212999     2.4483   3.213049   2598.392  -46.50670  -45.01287  72.534044    34.8207    34.8229 0.0000e+00
      76671     2.4493   3.213027     2.4479   3.213038   2599.451  -46.50670  -45.01286  72.534058    34.8212    34.8227 0.0000e+00
      76695     2.4585   3.214031     2.4575   3.214065   2600.383  -46.50670  -45.01286  72.534069    34.8232    34.8246 0.0000e+00
      76716     2.4622   3.214262     2.4636   3.214679   2600.910  -46.50670  -45.01287  72.534079    34.8218    34.8253 0.0000e+00
      76756     2.4496   3.213049     2.4501   3.213367   2601.107  -46.50670  -45.01288  72.534099    34.8204    34.8236 0.0000e+00
      76791     2.4552   3.213695     2.4528   3.213638   2601.575  -46.50670  -45.01288  72.534116    34.8220    34.8239 0.0000e+00
      76812     2.4729   3.215625     2.4729   3.215671   2602.382  -46.50670  -45.01288  72.534126    34.8262    34.8268 0.0000e+00
      76835     2.4838   3.216814     2.4818   3.216694   2603.601  -46.50670  -45.01287  72.534136    34.8285    34.8291 0.0000e+00
      76861     2.4960   3.218178     2.4945   3.218052   2605.561  -46.50670  -45.01286  72.534149    34.8310    34.8312 0.0000e+00
      76885     2.5068   3.219391     2.5056   3.219328   2607.477  -46.50670  -45.01286  72.534161    34.8333    34.8338 0.0000e+00
      76907     2.5113   3.219964     2.5097   3.219906   2609.200  -46.50670  -45.01286  72.534172    34.8348    34.8356 0.0000e+00
      76931     2.5129   3.220174     2.5118   3.220235   2610.319  -46.50670  -45.01286  72.534183    34.8350    34.8369 0.0000e+00
      77053     2.4945   3.218265     2.4960   3.218542   2611.227  -46.50672  -45.01288  72.534242    34.8311    34.8329 0.0000e+00
      77078     2.5112   3.220110     2.5102   3.220139   2612.873  -46.50672  -45.01288  72.534254    34.8348    34.8363 0.0000e+00
      77100     2.5096   3.220035     2.5084   3.220097   2614.347  -46.50672  -45.01288  72.534264    34.8349    34.8370 0.0000e+00
      77123     2.5090   3.220040     2.5075   3.220070   2615.898  -46.50672  -45.01288  72.534276    34.8350    34.8368 0.0000e+00
      77145     2.5086   3.220059     2.5071   3.220078   2617.233  -46.50672  -45.01288  72.534286    34.8350    34.8367 0.0000e+00
      77165     2.5113   3.220349     2.5099   3.220436   2618.032  -46.50672  -45.01288  72.534296    34.8353    34.8378 0.0000e+00
      77190     2.5072   3.219957     2.5075   3.220127   2618.378  -46.50670  -45.01288  72.534308    34.8347    34.8365 0.0000e+00
      77246     2.5087   3.220143     2.5075   3.220224   2618.818  -46.50671  -45.01288  72.534335    34.8351    34.8374 0.0000e+00
      77273     2.5088   3.220188     2.5077   3.220270   2619.396  -46.50672  -45.01288  72.534348    34.8353    34.8375 0.0000e+00
      77297     2.5052   3.219894     2.5055   3.220108   2620.108  -46.50672  -45.01288  72.534359    34.8353    34.8375 0.0000e+00
      77317     2.4997   3.219414     2.4985   3.219524   2620.873  -46.50672  -45.01288  72.534369    34.8349    34.8376 0.0000e+00
      77340     2.4960   3.219077     2.4956   3.219335   2622.032  -46.50672  -45.01288  72.534380    34.8343    34.8378 0.0000e+00
      77363     2.4886   3.218451     2.4874   3.218577   2623.500  -46.50672  -45.01288  72.534391    34.8338    34.8367 0.0000e+00
      77388     2.4844   3.218098     2.4833   3.218262   2625.373  -46.50672  -45.01288  72.534403    34.8332    34.8363 0.0000e+00
      77412     2.4762   3.217365     2.4749   3.217520   2627.140  -46.50672  -45.01288  72.534415    34.8322    34.8354 0.0000e+00
      77433     2.4733   3.217108     2.4723   3.217286   2628.254  -46.50672  -45.01288  72.534425    34.8317    34.8348 0.0000e+00
      77563     2.4840   3.218186     2.4807   3.218164   2629.826  -46.50672  -45.01290  72.534488    34.8327    34.8358 0.0000e+00
      77576     2.4751   3.217361     2.4720   3.217363   2630.481  -46.50672  -45.01290  72.534494    34.8318    34.8350 0.0000e+00
      77604     2.4688   3.216798     2.4675   3.216917   2631.666  -46.50672  -45.01290  72.534508    34.8311    34.8338 0.0000e+00
      77632     2.4688   3.216812     2.4676   3.216931   2632.706  -46.50672  -45.01288  72.534521    34.8308    34.8336 0.0000e+00
      77653     2.4680   3.216775     2.4668   3.216910   2633.699  -46.50672  -45.01288  72.534531    34.8307    34.8336 0.0000e+00
      77676     2.4653   3.216572     2.4641   3.216709   2635.140  -46.50672  -45.01288  72.534542    34.8305    34.8334 0.0000e+00
      77698     2.4639   3.216505     2.4628   3.216636   2636.649  -46.50672  -45.01288  72.534553    34.8305    34.8332 0.0000e+00
      77723     2.4692   3.217126     2.4677   3.217208   2638.005  -46.50672  -45.01288  72.534565    34.8318    34.8343 0.0000e+00
      77742     2.4691   3.217128     2.4677   3.217206   2638.480  -46.50672  -45.01288  72.534574    34.8316    34.8340 0.0000e+00
