SAGA/data/raw_ctdprof/st003.cnv
* Sea-Bird SBE 9 Data File:
* FileName = C:\Users\CTD01\Desktop\CTD_SAGA\ST003.hex
* Software Version Seasave V 7.26.7.121
* Temperature SN = 4669
* Conductivity SN = 3289
* Number of Bytes Per Scan = 37
* Number of Voltage Words = 4
* Number of Scans Averaged by the Deck Unit = 1
* NMEA Latitude = 45 00.25 S
* NMEA Longitude = 045 00.00 W
* NMEA UTC (Time) = Mar 14 2021 00:58:38
* NMEA baud rate = 9600
** Ship:Sarmiento de Gamboa
** Cruise:SAGA 10W
** Cast:  003
** Station:  003
** Depth:  5198
** Date:  14/03/2021
** Time:  00:58
# nquan = 12
# nvalues = 5165                        
# units = specified
# name 0 = scan: Scan Count
# name 1 = t090C: Temperature [ITS-90, deg C]
# name 2 = c0S/m: Conductivity [S/m]
# name 3 = t190C: Temperature, 2 [ITS-90, deg C]
# name 4 = c1S/m: Conductivity, 2 [S/m]
# name 5 = prDM: Pressure, Digiquartz [db]
# name 6 = latitude: Latitude [deg]
# name 7 = longitude: Longitude [deg]
# name 8 = timeJ: Julian Days
# name 9 = sal00: Salinity, Practical [PSU]
# name 10 = sal11: Salinity, Practical, 2 [PSU]
# name 11 = flag: flag
# span 0 =       1255,     155162       
# span 1 =     0.2842,    15.2972       
# span 2 =   3.085646,   4.268108       
# span 3 =     0.2832,    15.2959       
# span 4 =   3.085813,   4.267846       
# span 5 =      2.000,   5166.000       
# span 6 =  -45.00428,  -45.00424       
# span 7 =  -45.00013,  -45.00006       
# span 8 =  73.041323,  73.115544       
# span 9 =    34.1524,    34.8331       
# span 10 =    34.1553,    34.8360      
# span 11 = 0.0000e+00, 0.0000e+00      
# interval = decibars: 1                
# start_time = Mar 14 2021 00:58:38 [NMEA time, header]
# bad_flag = -9.990e-29
*END*
[from data line 1564]
      48870     2.7683   3.187272     2.7669   3.187368   1566.000  -45.00424  -45.00008  73.064285    34.6707    34.6732 0.0000e+00
      48883     2.7662   3.187131     2.7650   3.187226   1567.000  -45.00424  -45.00008  73.064291    34.6706    34.6731 0.0000e+00
      48895     2.7650   3.187061     2.7635   3.187142   1568.000  -45.00424  -45.00008  73.064297    34.6706    34.6731 0.0000e+00
      48907     2.7639   3.187013     2.7625   3.187090   1569.000 -9.990e-29  -45.00008  73.064303    34.6706    34.6730 0.0000e+00
      48921     2.7634   3.187021     2.7621   3.187083   1570.000 -9.990e-29  -45.00008  73.064309    34.6706    34.6728 0.0000e+00
      48937     2.7632   3.187027     2.7617   3.187101   1571.000 -9.990e-29  -45.00008  73.064317    34.6705    34.6729 0.0000e+00
      49064     2.7659   3.187286     2.7643   3.187309   1572.000  -45.00424  -45.00008  73.064378    34.6701    34.6721 0.0000e+00
      49105     2.7656   3.187304     2.7642   3.187375   1573.000  -45.00424  -45.00008  73.064398    34.6703    34.6727 0.0000e+00
      49115     2.7643   3.187394     2.7631   3.187433   1574.000  -45.00424  -45.00008  73.064403    34.6720    34.6738 0.0000e+00
      49127     2.7633   3.187416     2.7621   3.187497   1575.000  -45.00424  -45.00008  73.064409    34.6732    34.6753 0.0000e+00
      49140     2.7623   3.187356     2.7610   3.187449   1576.000  -45.00424  -45.00008  73.064415    34.6731    34.6756 0.0000e+00
      49152     2.7620   3.187458     2.7606   3.187494   1577.000  -45.00424  -45.00008  73.064421    34.6737    34.6757 0.0000e+00
      49165     2.7627   3.187579     2.7614   3.187649   1578.000  -45.00424  -45.00008  73.064427    34.6741    34.6763 0.0000e+00
      49178     2.7625   3.187605     2.7613   3.187691   1579.000  -45.00426  -45.00010  73.064433    34.6743    34.6766 0.0000e+00
      49192     2.7616   3.187566     2.7603   3.187658   1580.000  -45.00426  -45.00010  73.064440    34.6744    34.6768 0.0000e+00
      49277     2.7617   3.187542     2.7599   3.187625   1581.000  -45.00426  -45.00010  73.064481    34.6734    34.6764 0.0000e+00
      49346     2.7604   3.187381     2.7606   3.187666   1582.000  -45.00426  -45.00010  73.064514    34.6736    34.6762 0.0000e+00
      49362     2.7495   3.186620     2.7501   3.186870   1583.000  -45.00426  -45.00010  73.064522    34.6741    34.6767 0.0000e+00
      49377     2.7547   3.187232     2.7547   3.187323   1584.000  -45.00426  -45.00010  73.064529    34.6750    34.6766 0.0000e+00
      49390     2.7569   3.187448     2.7552   3.187476   1585.000  -45.00426  -45.00010  73.064536    34.6751    34.6772 0.0000e+00
      49403     2.7570   3.187480     2.7556   3.187559   1586.000  -45.00426  -45.00010  73.064542    34.6753    34.6777 0.0000e+00
      49417     2.7538   3.187237     2.7526   3.187375   1587.000  -45.00424  -45.00010  73.064549    34.6757    34.6786 0.0000e+00
      49433     2.7496   3.186893     2.7484   3.187043   1588.000  -45.00424  -45.00010  73.064556    34.6755    34.6785 0.0000e+00
      49481     2.7488   3.186885     2.7472   3.186947   1589.000  -45.00425  -45.00010  73.064580    34.6753    34.6779 0.0000e+00
      49546     2.7464   3.186603     2.7496   3.187165   1590.000  -45.00426  -45.00010  73.064611    34.6749    34.6779 0.0000e+00
      49567     2.7358   3.185772     2.7352   3.185960   1591.000  -45.00426  -45.00010  73.064621    34.6750    34.6782 0.0000e+00
      49587     2.7361   3.185852     2.7348   3.185957   1592.000  -45.00426  -45.00010  73.064631    34.6750    34.6778 0.0000e+00
      49608     2.7369   3.186003     2.7353   3.186080   1593.000  -45.00426  -45.00010  73.064641    34.6752    34.6778 0.0000e+00
      49633     2.7360   3.185936     2.7346   3.186047   1594.000  -45.00426  -45.00010  73.064653    34.6752    34.6780 0.0000e+00
      49665     2.7341   3.185830     2.7327   3.185920   1595.000  -45.00426  -45.00010  73.064668    34.6752    34.6779 0.0000e+00
      49698     2.7345   3.185914     2.7330   3.185997   1596.000  -45.00426  -45.00010  73.064684    34.6752    34.6777 0.0000e+00
      49728     2.7348   3.185993     2.7333   3.186072   1597.000  -45.00426  -45.00010  73.064699    34.6753    34.6779 0.0000e+00
      49759     2.7342   3.185984     2.7327   3.186072   1598.000  -45.00426  -45.00010  73.064713    34.6754    34.6780 0.0000e+00
      49792     2.7340   3.186023     2.7325   3.186102   1599.000  -45.00426  -45.00010  73.064729    34.6755    34.6780 0.0000e+00
      49819     2.7339   3.186056     2.7324   3.186136   1600.000  -45.00426  -45.00010  73.064742    34.6755    34.6781 0.0000e+00
      49839     2.7340   3.186178     2.7323   3.186198   1601.000  -45.00426  -45.00010  73.064752    34.6759    34.6780 0.0000e+00
      49857     2.7387   3.186755     2.7373   3.186785   1602.000  -45.00426  -45.00010  73.064761    34.6771    34.6790 0.0000e+00
      49874     2.7426   3.187210     2.7409   3.187206   1603.000  -45.00426  -45.00010  73.064769    34.6780    34.6797 0.0000e+00
      49891     2.7446   3.187506     2.7431   3.187509   1604.000  -45.00426  -45.00010  73.064777    34.6787    34.6804 0.0000e+00
      49916     2.7475   3.187806     2.7460   3.187865   1605.000  -45.00426  -45.00010  73.064789    34.6793    34.6815 0.0000e+00
      49981     2.7446   3.187563     2.7432   3.187595   1606.000  -45.00426  -45.00010  73.064820    34.6786    34.6807 0.0000e+00
      50018     2.7527   3.188493     2.7510   3.188524   1607.000  -45.00426  -45.00010  73.064839    34.6807    34.6828 0.0000e+00
      50049     2.7529   3.188600     2.7515   3.188651   1608.000  -45.00426  -45.00010  73.064854    34.6814    34.6836 0.0000e+00
      50078     2.7565   3.189054     2.7546   3.189035   1609.000  -45.00426  -45.00010  73.064867    34.6822    34.6840 0.0000e+00
      50099     2.7623   3.189693     2.7606   3.189696   1610.000  -45.00426  -45.00010  73.064878    34.6835    34.6851 0.0000e+00
      50117     2.7626   3.189806     2.7611   3.189830   1611.000  -45.00426  -45.00010  73.064886    34.6841    34.6860 0.0000e+00
      50132     2.7628   3.189882     2.7613   3.189920   1612.000  -45.00426  -45.00010  73.064893    34.6844    34.6865 0.0000e+00
      50148     2.7627   3.189947     2.7612   3.190006   1613.000  -45.00426  -45.00010  73.064901    34.6850    34.6872 0.0000e+00
      50171     2.7623   3.189965     2.7606   3.190010   1614.000  -45.00426  -45.00010  73.064912    34.6851    34.6874 0.0000e+00
      50219     2.7598   3.189718     2.7601   3.189962   1615.000  -45.00426  -45.00009  73.064935    34.6848    34.6872 0.0000e+00
      50253     2.7534   3.189127     2.7523   3.189247   1616.000  -45.00426  -45.00008  73.064952    34.6843    34.6871 0.0000e+00
      50279     2.7419   3.188004     2.7410   3.188176   1617.000  -45.00426  -45.00008  73.064964    34.6831    34.6862 0.0000e+00
      50316     2.7355   3.187446     2.7343   3.187574   1618.000  -45.00426  -45.00009  73.064982    34.6822    34.6850 0.0000e+00
      50361     2.7289   3.186919     2.7276   3.187010   1619.000  -45.00426  -45.00010  73.065004    34.6817    34.6847 0.0000e+00
      50383     2.7348   3.187457     2.7342   3.187692   1620.000  -45.00426  -45.00010  73.065015    34.6826    34.6854 0.0000e+00
      50400     2.7237   3.186466     2.7235   3.186735   1621.000  -45.00426  -45.00008  73.065023    34.6817    34.6856 0.0000e+00
      50415     2.7290   3.187269     2.7267   3.187165   1622.000  -45.00426  -45.00008  73.065030    34.6832    34.6844 0.0000e+00
      50430     2.7305   3.187341     2.7293   3.187447   1623.000  -45.00426  -45.00008  73.065037    34.6835    34.6861 0.0000e+00
      50445     2.7296   3.187324     2.7282   3.187413   1624.000  -45.00426  -45.00008  73.065044    34.6835    34.6860 0.0000e+00
      50464     2.7291   3.187317     2.7277   3.187418   1625.000  -45.00426  -45.00008  73.065053    34.6836    34.6863 0.0000e+00
      50538     2.7296   3.187395     2.7293   3.187551   1626.000  -45.00426  -45.00008  73.065089    34.6834    34.6856 0.0000e+00
      50595     2.7296   3.187466     2.7285   3.187572   1627.000  -45.00426  -45.00008  73.065116    34.6836    34.6860 0.0000e+00
      50617     2.7266   3.187251     2.7254   3.187374   1628.000  -45.00426  -45.00008  73.065127    34.6840    34.6868 0.0000e+00
      50637     2.7253   3.187199     2.7239   3.187297   1629.000  -45.00426  -45.00008  73.065137    34.6840    34.6866 0.0000e+00
      50655     2.7261   3.187325     2.7245   3.187383   1630.000  -45.00426  -45.00008  73.065146    34.6841    34.6865 0.0000e+00
      50671     2.7418   3.189349     2.7385   3.188904   1631.000  -45.00426  -45.00008  73.065153    34.6874    34.6859 0.0000e+00
      50686     2.7503   3.189936     2.7486   3.189949   1632.000  -45.00426  -45.00008  73.065161    34.6886    34.6903 0.0000e+00
      50702     2.7495   3.189942     2.7485   3.190036   1633.000  -45.00426  -45.00008  73.065168    34.6890    34.6906 0.0000e+00
      50717     2.7389   3.188826     2.7389   3.189163   1634.000  -45.00426  -45.00008  73.065176    34.6881    34.6926 0.0000e+00
      50736     2.7332   3.188463     2.7320   3.188579   1635.000  -45.00426  -45.00008  73.065185    34.6879    34.6906 0.0000e+00
      50828     2.7368   3.188830     2.7346   3.188787   1636.000  -45.00426  -45.00008  73.065229    34.6878    34.6892 0.0000e+00
      50888     2.7374   3.188883     2.7360   3.188986   1637.000  -45.00426  -45.00008  73.065258    34.6878    34.6903 0.0000e+00
      50901     2.7320   3.188508     2.7309   3.188633   1638.000  -45.00426  -45.00008  73.065264    34.6884    34.6912 0.0000e+00
      50914     2.7336   3.188928     2.7318   3.188823   1639.000  -45.00426  -45.00008  73.065270    34.6893    34.6903 0.0000e+00
      50926     2.7400   3.189551     2.7385   3.189558   1640.000  -45.00426  -45.00007  73.065276    34.6908    34.6923 0.0000e+00
      50938     2.7405   3.189686     2.7391   3.189704   1641.000  -45.00426  -45.00006  73.065282    34.6912    34.6930 0.0000e+00
      50950     2.7426   3.189927     2.7411   3.189940   1642.000  -45.00426  -45.00006  73.065288    34.6915    34.6932 0.0000e+00
      50963     2.7435   3.190075     2.7418   3.190084   1643.000  -45.00426  -45.00006  73.065294    34.6917    34.6936 0.0000e+00
      50980     2.7478   3.190580     2.7461   3.190570   1644.000  -45.00424  -45.00006  73.065302    34.6925    34.6942 0.0000e+00
      51093     2.7405   3.189735     2.7391   3.189762   1645.000  -45.00426  -45.00008  73.065357    34.6898    34.6916 0.0000e+00
      51117     2.7546   3.191641     2.7530   3.191376   1646.000  -45.00426  -45.00007  73.065368    34.6941    34.6923 0.0000e+00
      51131     2.7675   3.192784     2.7660   3.192730   1647.000  -45.00426  -45.00006  73.065375    34.6963    34.6972 0.0000e+00
      51146     2.7697   3.193099     2.7682   3.193070   1648.000  -45.00426  -45.00006  73.065382    34.6974    34.6985 0.0000e+00
      51161     2.7703   3.193199     2.7690   3.193222   1649.000  -45.00426  -45.00006  73.065390    34.6977    34.6994 0.0000e+00
      51179     2.7706   3.193272     2.7692   3.193301   1650.000  -45.00426  -45.00006  73.065398    34.6979    34.6997 0.0000e+00
      51204     2.7707   3.193312     2.7692   3.193355   1651.000  -45.00426  -45.00006  73.065410    34.6979    34.7000 0.0000e+00
      51245     2.7708   3.193357     2.7693   3.193409   1652.000 -9.990e-29  -45.00006  73.065430    34.6981    34.7003 0.0000e+00
      51284     2.7710   3.193442     2.7696   3.193486   1653.000 -9.990e-29  -45.00006  73.065449    34.6984    34.7004 0.0000e+00
      51315     2.7711   3.193482     2.7697   3.193547   1654.000  -45.00424  -45.00006  73.065464    34.6983    34.7006 0.0000e+00
      51343     2.7713   3.193558     2.7699   3.193618   1655.000  -45.00424  -45.00006  73.065478    34.6986    34.7008 0.0000e+00
      51376     2.7710   3.193572     2.7695   3.193632   1656.000  -45.00426  -45.00008  73.065493    34.6987    34.7010 0.0000e+00
      51406     2.7707   3.193603     2.7693   3.193686   1657.000  -45.00426  -45.00008  73.065508    34.6990    34.7013 0.0000e+00
      51427     2.7694   3.193601     2.7687   3.193716   1658.000  -45.00426  -45.00008  73.065518    34.6998    34.7020 0.0000e+00
      51445     2.7678   3.193378     2.7673   3.193616   1659.000  -45.00426  -45.00008  73.065527    34.6994    34.7023 0.0000e+00
      51462     2.7574   3.192457     2.7575   3.192734   1660.000  -45.00426  -45.00006  73.065535    34.6988    34.7026 0.0000e+00
      51479     2.7544   3.192308     2.7528   3.192387   1661.000  -45.00425  -45.00006  73.065543    34.6990    34.7016 0.0000e+00
      51501     2.7589   3.192850     2.7571   3.192874   1662.000  -45.00424  -45.00006  73.065554    34.6997    34.7020 0.0000e+00
      51558     2.7597   3.192905     2.7589   3.193043   1663.000  -45.00425  -45.00007  73.065581    34.6993    34.7019 0.0000e+00
      51610     2.7620   3.193313     2.7603   3.193337   1664.000  -45.00426  -45.00008  73.065606    34.7012    34.7031 0.0000e+00
      51635     2.7631   3.193497     2.7616   3.193557   1665.000  -45.00426  -45.00008  73.065618    34.7019    34.7042 0.0000e+00
      51657     2.7622   3.193458     2.7607   3.193544   1666.000  -45.00424  -45.00008  73.065629    34.7019    34.7046 0.0000e+00
      51678     2.7620   3.193496     2.7606   3.193557   1667.000  -45.00424  -45.00006  73.065639    34.7021    34.7043 0.0000e+00
      51700     2.7622   3.193567     2.7608   3.193628   1668.000  -45.00426  -45.00006  73.065649    34.7021    34.7044 0.0000e+00
      51721     2.7626   3.193652     2.7612   3.193717   1669.000  -45.00426  -45.00006  73.065660    34.7023    34.7045 0.0000e+00
      51740     2.7617   3.193582     2.7604   3.193700   1670.000  -45.00426  -45.00006  73.065669    34.7022    34.7049 0.0000e+00
      51758     2.7592   3.193440     2.7576   3.193494   1671.000  -45.00426  -45.00006  73.065678    34.7024    34.7049 0.0000e+00
      51778     2.7573   3.193236     2.7562   3.193373   1672.000  -45.00426  -45.00008  73.065687    34.7020    34.7048 0.0000e+00
      51846     2.7553   3.193107     2.7542   3.193221   1673.000  -45.00425  -45.00008  73.065720    34.7018    34.7043 0.0000e+00
      51909     2.7493   3.192363     2.7507   3.192845   1674.000  -45.00424  -45.00008  73.065750    34.7007    34.7049 0.0000e+00
      51931     2.7340   3.191377     2.7328   3.191375   1675.000  -45.00425  -45.00008  73.065761    34.7008    34.7024 0.0000e+00
      51949     2.7547   3.193496     2.7524   3.193317   1676.000  -45.00426  -45.00008  73.065770    34.7039    34.7044 0.0000e+00
      51963     2.7624   3.194232     2.7599   3.194133   1677.000  -45.00426  -45.00008  73.065776    34.7049    34.7059 0.0000e+00
      51976     2.7616   3.194110     2.7606   3.194249   1678.000  -45.00426  -45.00008  73.065783    34.7050    34.7072 0.0000e+00
      51988     2.7547   3.193468     2.7541   3.193704   1679.000  -45.00426  -45.00008  73.065788    34.7045    34.7081 0.0000e+00
      52001     2.7490   3.192988     2.7482   3.193193   1680.000  -45.00426  -45.00008  73.065795    34.7042    34.7076 0.0000e+00
      52014     2.7455   3.192743     2.7444   3.192863   1681.000  -45.00426  -45.00008  73.065801    34.7039    34.7068 0.0000e+00
      52034     2.7459   3.192868     2.7446   3.192963   1682.000  -45.00426  -45.00008  73.065811    34.7044    34.7068 0.0000e+00
      52145     2.7504   3.193257     2.7507   3.193458   1683.000  -45.00424  -45.00010  73.065864    34.7036    34.7059 0.0000e+00
      52171     2.7452   3.192893     2.7460   3.193150   1684.000  -45.00426  -45.00010  73.065877    34.7047    34.7070 0.0000e+00
      52195     2.7378   3.192207     2.7374   3.192443   1685.000  -45.00426  -45.00010  73.065888    34.7043    34.7077 0.0000e+00
