SAGA/data/raw_ctdprof/st003.cnv
* Sea-Bird SBE 9 Data File:
* FileName = C:\Users\CTD01\Desktop\CTD_SAGA\ST003.hex
* Software Version Seasave V 7.26.7.121
* Temperature SN = 4669
* Conductivity SN = 3289
* Number of Bytes Per Scan = 37
* Number of Voltage Words = 4
* Number of Scans Averaged by the Deck Unit = 1
* NMEA Latitude = 45 00.25 S
* NMEA Longitude = 045 00.00 W
* NMEA UTC (Time) = Mar 14 2021 00:58:38
* NMEA baud rate = 9600
** Ship:Sarmiento de Gamboa
** Cruise:SAGA 10W
** Cast:  003
** Station:  003
** Depth:  5198
** Date:  14/03/2021
** Time:  00:58
# nquan = 12
# nvalues = 5165                        
# units = specified
# name 0 = scan: Scan Count
# name 1 = t090C: Temperature [ITS-90, deg C]
# name 2 = c0S/m: Conductivity [S/m]
# name 3 = t190C: Temperature, 2 [ITS-90, deg C]
# name 4 = c1S/m: Conductivity, 2 [S/m]
# name 5 = prDM: Pressure, Digiquartz [db]
# name 6 = latitude: Latitude [deg]
# name 7 = longitude: Longitude [deg]
# name 8 = timeJ: Julian Days
# name 9 = sal00: Salinity, Practical [PSU]
# name 10 = sal11: Salinity, Practical, 2 [PSU]
# name 11 = flag: flag
# span 0 =       1255,     155162       
# span 1 =     0.2842,    15.2972       
# span 2 =   3.085646,   4.268108       
# span 3 =     0.2832,    15.2959       
# span 4 =   3.085813,   4.267846       
# span 5 =      2.000,   5166.000       
# span 6 =  -45.00428,  -45.00424       
# span 7 =  -45.00013,  -45.00006       
# span 8 =  73.041323,  73.115544       
# span 9 =    34.1524,    34.8331       
# span 10 =    34.1553,    34.8360      
# span 11 = 0.0000e+00, 0.0000e+00      
# interval = decibars: 1                
# start_time = Mar 14 2021 00:58:38 [NMEA time, header]
# bad_flag = -9.990e-29
*END*
[from data line 4933]
     142132     0.2899   3.095899     0.2890   3.096039   4935.000  -45.00426  -45.00008  73.109261    34.6664    34.6691 0.0000e+00
     142149     0.2896   3.095893     0.2887   3.096042   4936.000  -45.00426  -45.00008  73.109269    34.6662    34.6691 0.0000e+00
     142172     0.2895   3.095902     0.2885   3.096051   4937.000  -45.00426  -45.00008  73.109280    34.6661    34.6690 0.0000e+00
     142260     0.2901   3.095989     0.2893   3.096147   4938.000  -45.00426  -45.00008  73.109323    34.6660    34.6690 0.0000e+00
     142294     0.2897   3.095994     0.2889   3.096152   4939.000  -45.00426  -45.00010  73.109339    34.6662    34.6691 0.0000e+00
     142313     0.2895   3.096018     0.2886   3.096161   4940.000  -45.00426  -45.00009  73.109348    34.6663    34.6691 0.0000e+00
     142331     0.2893   3.096018     0.2883   3.096171   4941.000  -45.00426  -45.00008  73.109357    34.6662    34.6692 0.0000e+00
     142350     0.2889   3.096017     0.2880   3.096178   4942.000  -45.00426  -45.00008  73.109366    34.6661    34.6691 0.0000e+00
     142369     0.2890   3.096057     0.2880   3.096198   4943.000  -45.00426  -45.00008  73.109375    34.6661    34.6690 0.0000e+00
     142389     0.2888   3.096074     0.2879   3.096223   4944.000  -45.00426  -45.00008  73.109385    34.6662    34.6690 0.0000e+00
     142412     0.2888   3.096100     0.2878   3.096248   4945.000  -45.00426  -45.00008  73.109396    34.6660    34.6690 0.0000e+00
     142442     0.2888   3.096127     0.2878   3.096270   4946.000  -45.00426  -45.00008  73.109410    34.6660    34.6689 0.0000e+00
     142494     0.2887   3.096150     0.2877   3.096293   4947.000  -45.00426  -45.00008  73.109435    34.6660    34.6689 0.0000e+00
     142529     0.2888   3.096192     0.2878   3.096341   4948.000  -45.00426  -45.00008  73.109452    34.6660    34.6689 0.0000e+00
     142550     0.2888   3.096233     0.2878   3.096371   4949.000  -45.00426  -45.00008  73.109462    34.6661    34.6690 0.0000e+00
     142568     0.2885   3.096244     0.2877   3.096396   4950.000  -45.00426  -45.00008  73.109471    34.6662    34.6689 0.0000e+00
     142586     0.2886   3.096283     0.2877   3.096419   4951.000  -45.00426  -45.00008  73.109480    34.6661    34.6688 0.0000e+00
     142605     0.2885   3.096307     0.2876   3.096455   4952.000  -45.00426  -45.00008  73.109489    34.6661    34.6690 0.0000e+00
     142626     0.2886   3.096330     0.2875   3.096472   4953.000  -45.00426  -45.00008  73.109499    34.6660    34.6689 0.0000e+00
     142651     0.2886   3.096356     0.2875   3.096498   4954.000  -45.00426  -45.00008  73.109511    34.6659    34.6688 0.0000e+00
     142692     0.2885   3.096381     0.2875   3.096532   4955.000  -45.00426  -45.00008  73.109531    34.6659    34.6688 0.0000e+00
     142742     0.2887   3.096426     0.2876   3.096572   4956.000  -45.00426  -45.00008  73.109555    34.6659    34.6689 0.0000e+00
     142774     0.2887   3.096475     0.2878   3.096619   4957.000  -45.00426  -45.00008  73.109570    34.6660    34.6689 0.0000e+00
     142800     0.2887   3.096507     0.2877   3.096653   4958.000  -45.00426  -45.00008  73.109583    34.6660    34.6690 0.0000e+00
     142822     0.2889   3.096542     0.2879   3.096693   4959.000  -45.00426  -45.00008  73.109594    34.6659    34.6689 0.0000e+00
     142843     0.2889   3.096593     0.2879   3.096738   4960.000  -45.00426  -45.00009  73.109604    34.6661    34.6690 0.0000e+00
     142863     0.2889   3.096621     0.2880   3.096774   4961.000  -45.00426  -45.00010  73.109613    34.6660    34.6689 0.0000e+00
     142882     0.2891   3.096666     0.2881   3.096806   4962.000  -45.00426  -45.00010  73.109622    34.6659    34.6689 0.0000e+00
     142902     0.2892   3.096703     0.2882   3.096845   4963.000  -45.00426  -45.00010  73.109632    34.6659    34.6688 0.0000e+00
     142927     0.2892   3.096724     0.2881   3.096878   4964.000  -45.00426  -45.00010  73.109644    34.6659    34.6689 0.0000e+00
     142982     0.2893   3.096767     0.2883   3.096914   4965.000  -45.00426  -45.00010  73.109671    34.6658    34.6688 0.0000e+00
     143037     0.2890   3.096775     0.2880   3.096925   4966.000  -45.00426  -45.00010  73.109697    34.6660    34.6689 0.0000e+00
     143057     0.2892   3.096844     0.2883   3.097000   4967.000  -45.00426  -45.00010  73.109707    34.6660    34.6689 0.0000e+00
     143073     0.2894   3.096886     0.2884   3.097026   4968.000  -45.00426  -45.00010  73.109715    34.6660    34.6689 0.0000e+00
     143089     0.2893   3.096907     0.2884   3.097050   4969.000  -45.00426  -45.00010  73.109722    34.6660    34.6688 0.0000e+00
     143104     0.2892   3.096929     0.2883   3.097078   4970.000  -45.00426  -45.00010  73.109730    34.6660    34.6688 0.0000e+00
     143121     0.2891   3.096952     0.2881   3.097093   4971.000  -45.00426  -45.00010  73.109738    34.6660    34.6689 0.0000e+00
     143154     0.2893   3.096985     0.2882   3.097131   4972.000  -45.00426  -45.00010  73.109754    34.6658    34.6688 0.0000e+00
     143256     0.2897   3.097064     0.2889   3.097229   4973.000  -45.00426  -45.00010  73.109803    34.6660    34.6689 0.0000e+00
     143268     0.2891   3.097047     0.2883   3.097207   4974.000  -45.00426  -45.00010  73.109809    34.6660    34.6690 0.0000e+00
     143282     0.2887   3.097057     0.2878   3.097199   4975.000  -45.00426  -45.00010  73.109815    34.6661    34.6689 0.0000e+00
     143294     0.2887   3.097082     0.2878   3.097224   4976.000  -45.00426  -45.00010  73.109821    34.6661    34.6689 0.0000e+00
     143307     0.2885   3.097108     0.2876   3.097231   4977.000 -9.990e-29  -45.00010  73.109827    34.6662    34.6687 0.0000e+00
     143321     0.2885   3.097118     0.2876   3.097266   4978.000 -9.990e-29  -45.00010  73.109834    34.6659    34.6688 0.0000e+00
     143338     0.2884   3.097137     0.2874   3.097288   4979.000 -9.990e-29  -45.00010  73.109842    34.6659    34.6689 0.0000e+00
     143406     0.2887   3.097193     0.2880   3.097363   4980.000  -45.00428  -45.00010  73.109875    34.6658    34.6688 0.0000e+00
     143449     0.2888   3.097249     0.2879   3.097392   4981.000  -45.00428  -45.00012  73.109896    34.6660    34.6688 0.0000e+00
     143466     0.2885   3.097253     0.2877   3.097395   4982.000  -45.00428  -45.00011  73.109904    34.6660    34.6687 0.0000e+00
     143482     0.2881   3.097235     0.2871   3.097391   4983.000  -45.00428  -45.00010  73.109912    34.6659    34.6688 0.0000e+00
     143499     0.2878   3.097238     0.2868   3.097387   4984.000  -45.00428  -45.00010  73.109920    34.6659    34.6688 0.0000e+00
     143521     0.2876   3.097245     0.2864   3.097386   4985.000 -9.990e-29  -45.00010  73.109931    34.6658    34.6687 0.0000e+00
     143562     0.2873   3.097246     0.2864   3.097407   4986.000 -9.990e-29  -45.00010  73.109950    34.6657    34.6686 0.0000e+00
     143620     0.2870   3.097258     0.2861   3.097407   4987.000  -45.00426  -45.00011  73.109978    34.6657    34.6686 0.0000e+00
     143643     0.2867   3.097262     0.2858   3.097425   4988.000  -45.00426  -45.00012  73.109989    34.6657    34.6687 0.0000e+00
     143660     0.2869   3.097319     0.2859   3.097467   4989.000  -45.00427  -45.00011  73.109998    34.6657    34.6687 0.0000e+00
     143675     0.2869   3.097349     0.2859   3.097495   4990.000  -45.00428  -45.00010  73.110005    34.6658    34.6686 0.0000e+00
     143689     0.2867   3.097365     0.2857   3.097497   4991.000  -45.00428  -45.00010  73.110012    34.6658    34.6686 0.0000e+00
     143706     0.2864   3.097373     0.2854   3.097527   4992.000  -45.00428  -45.00010  73.110020    34.6658    34.6687 0.0000e+00
     143738     0.2864   3.097394     0.2855   3.097549   4993.000  -45.00427  -45.00010  73.110035    34.6656    34.6686 0.0000e+00
     143819     0.2870   3.097479     0.2866   3.097674   4994.000  -45.00426  -45.00012  73.110074    34.6657    34.6686 0.0000e+00
     143837     0.2866   3.097493     0.2857   3.097636   4995.000  -45.00426  -45.00012  73.110083    34.6658    34.6686 0.0000e+00
     143855     0.2868   3.097542     0.2859   3.097689   4996.000  -45.00426  -45.00012  73.110092    34.6658    34.6687 0.0000e+00
     143872     0.2868   3.097566     0.2859   3.097719   4997.000  -45.00426  -45.00012  73.110100    34.6657    34.6687 0.0000e+00
     143889     0.2869   3.097602     0.2859   3.097749   4998.000  -45.00426  -45.00012  73.110108    34.6657    34.6686 0.0000e+00
     143909     0.2870   3.097636     0.2859   3.097779   4999.000  -45.00426  -45.00012  73.110118    34.6657    34.6686 0.0000e+00
     143940     0.2870   3.097658     0.2860   3.097808   5000.000  -45.00426  -45.00010  73.110132    34.6655    34.6685 0.0000e+00
     144014     0.2873   3.097729     0.2862   3.097867   5001.000  -45.00426  -45.00010  73.110168    34.6656    34.6685 0.0000e+00
     144036     0.2874   3.097774     0.2864   3.097919   5002.000  -45.00426  -45.00010  73.110179    34.6657    34.6685 0.0000e+00
     144053     0.2874   3.097821     0.2865   3.097953   5003.000  -45.00426  -45.00012  73.110187    34.6659    34.6685 0.0000e+00
     144068     0.2873   3.097835     0.2863   3.097978   5004.000  -45.00426  -45.00012  73.110194    34.6658    34.6687 0.0000e+00
     144082     0.2871   3.097844     0.2860   3.097977   5005.000  -45.00426  -45.00012  73.110201    34.6657    34.6685 0.0000e+00
     144097     0.2871   3.097881     0.2861   3.098021   5006.000  -45.00426  -45.00012  73.110208    34.6658    34.6686 0.0000e+00
     144114     0.2866   3.097862     0.2856   3.098028   5007.000  -45.00426 -9.990e-29  73.110216    34.6657    34.6688 0.0000e+00
     144166     0.2867   3.097896     0.2860   3.098071   5008.000  -45.00426  -45.00012  73.110242    34.6656    34.6685 0.0000e+00
     144265     0.2874   3.098003     0.2869   3.098181   5009.000  -45.00426  -45.00012  73.110289    34.6658    34.6686 0.0000e+00
     144278     0.2865   3.097951     0.2859   3.098113   5010.000  -45.00426  -45.00012  73.110296    34.6657    34.6686 0.0000e+00
     144290     0.2866   3.097997     0.2857   3.098138   5011.000  -45.00426  -45.00010  73.110301    34.6658    34.6685 0.0000e+00
     144303     0.2865   3.098021     0.2856   3.098166   5012.000  -45.00426  -45.00010  73.110308    34.6658    34.6685 0.0000e+00
     144317     0.2864   3.098037     0.2856   3.098192   5013.000  -45.00426  -45.00010  73.110315    34.6657    34.6685 0.0000e+00
     144338     0.2864   3.098053     0.2854   3.098199   5014.000  -45.00426  -45.00010  73.110325    34.6655    34.6685 0.0000e+00
     144419     0.2869   3.098119     0.2864   3.098317   5015.000  -45.00426  -45.00010  73.110364    34.6655    34.6685 0.0000e+00
     144489     0.2870   3.098167     0.2865   3.098356   5016.000  -45.00426  -45.00010  73.110397    34.6656    34.6684 0.0000e+00
     144511     0.2857   3.098097     0.2851   3.098267   5017.000  -45.00426 -9.990e-29  73.110408    34.6656    34.6685 0.0000e+00
     144532     0.2857   3.098120     0.2847   3.098264   5018.000  -45.00426 -9.990e-29  73.110418    34.6655    34.6684 0.0000e+00
     144551     0.2856   3.098148     0.2846   3.098296   5019.000  -45.00426 -9.990e-29  73.110427    34.6656    34.6685 0.0000e+00
     144571     0.2853   3.098156     0.2845   3.098313   5020.000  -45.00425 -9.990e-29  73.110437    34.6656    34.6684 0.0000e+00
     144594     0.2854   3.098188     0.2844   3.098337   5021.000  -45.00424  -45.00008  73.110448    34.6655    34.6684 0.0000e+00
     144634     0.2855   3.098224     0.2845   3.098369   5022.000  -45.00424  -45.00008  73.110467    34.6654    34.6683 0.0000e+00
     144737     0.2858   3.098284     0.2849   3.098438   5023.000  -45.00426  -45.00010  73.110517    34.6654    34.6683 0.0000e+00
     144758     0.2858   3.098322     0.2849   3.098473   5024.000  -45.00426  -45.00010  73.110527    34.6655    34.6684 0.0000e+00
     144778     0.2859   3.098368     0.2850   3.098518   5025.000  -45.00426  -45.00008  73.110537    34.6655    34.6684 0.0000e+00
     144796     0.2859   3.098404     0.2849   3.098537   5026.000  -45.00426  -45.00008  73.110546    34.6656    34.6683 0.0000e+00
     144814     0.2860   3.098445     0.2851   3.098590   5027.000 -9.990e-29  -45.00008  73.110554    34.6657    34.6685 0.0000e+00
     144831     0.2859   3.098462     0.2850   3.098613   5028.000 -9.990e-29  -45.00008  73.110562    34.6656    34.6684 0.0000e+00
     144853     0.2858   3.098482     0.2849   3.098630   5029.000 -9.990e-29  -45.00008  73.110573    34.6654    34.6683 0.0000e+00
     144958     0.2862   3.098552     0.2854   3.098698   5030.000  -45.00424  -45.00008  73.110624    34.6656    34.6683 0.0000e+00
     145011     0.2861   3.098572     0.2853   3.098733   5031.000  -45.00424  -45.00008  73.110649    34.6656    34.6684 0.0000e+00
     145025     0.2856   3.098560     0.2847   3.098725   5032.000  -45.00424  -45.00008  73.110656    34.6656    34.6685 0.0000e+00
     145039     0.2854   3.098565     0.2845   3.098718   5033.000  -45.00424  -45.00008  73.110663    34.6655    34.6684 0.0000e+00
     145055     0.2850   3.098567     0.2841   3.098712   5034.000  -45.00425  -45.00008  73.110670    34.6655    34.6683 0.0000e+00
     145075     0.2849   3.098580     0.2840   3.098736   5035.000  -45.00426  -45.00008  73.110680    34.6653    34.6683 0.0000e+00
     145136     0.2851   3.098620     0.2847   3.098820   5036.000  -45.00425  -45.00008  73.110709    34.6652    34.6683 0.0000e+00
     145213     0.2854   3.098691     0.2848   3.098866   5037.000  -45.00424  -45.00008  73.110746    34.6654    34.6683 0.0000e+00
     145235     0.2850   3.098690     0.2841   3.098838   5038.000 -9.990e-29  -45.00008  73.110757    34.6654    34.6683 0.0000e+00
     145257     0.2851   3.098727     0.2843   3.098888   5039.000 -9.990e-29  -45.00008  73.110768    34.6653    34.6683 0.0000e+00
     145279     0.2851   3.098759     0.2842   3.098917   5040.000 -9.990e-29  -45.00008  73.110778    34.6654    34.6683 0.0000e+00
     145304     0.2852   3.098804     0.2843   3.098955   5041.000  -45.00426  -45.00010  73.110790    34.6654    34.6683 0.0000e+00
     145333     0.2851   3.098822     0.2842   3.098971   5042.000  -45.00426  -45.00010  73.110805    34.6653    34.6682 0.0000e+00
     145366     0.2850   3.098834     0.2840   3.098981   5043.000  -45.00426  -45.00010  73.110820    34.6652    34.6682 0.0000e+00
     145401     0.2850   3.098874     0.2841   3.099025   5044.000  -45.00426  -45.00010  73.110837    34.6653    34.6682 0.0000e+00
     145449     0.2851   3.098906     0.2842   3.099047   5045.000  -45.00426  -45.00010  73.110860    34.6652    34.6680 0.0000e+00
     145531     0.2853   3.098957     0.2843   3.099101   5046.000  -45.00426  -45.00010  73.110900    34.6653    34.6681 0.0000e+00
     145558     0.2854   3.099010     0.2846   3.099160   5047.000  -45.00426  -45.00010  73.110913    34.6653    34.6681 0.0000e+00
     145579     0.2855   3.099047     0.2846   3.099198   5048.000  -45.00426  -45.00010  73.110923    34.6653    34.6682 0.0000e+00
     145600     0.2857   3.099094     0.2847   3.099237   5049.000  -45.00426  -45.00010  73.110933    34.6654    34.6681 0.0000e+00
     145620     0.2855   3.099107     0.2846   3.099261   5050.000  -45.00426  -45.00010  73.110943    34.6653    34.6682 0.0000e+00
     145640     0.2856   3.099157     0.2847   3.099295   5051.000  -45.00426  -45.00010  73.110953    34.6654    34.6681 0.0000e+00
     145662     0.2855   3.099165     0.2846   3.099319   5052.000  -45.00426  -45.00010  73.110963    34.6653    34.6683 0.0000e+00
     145688     0.2854   3.099183     0.2844   3.099334   5053.000  -45.00426  -45.00010  73.110976    34.6653    34.6682 0.0000e+00
