SAGA/data/raw_ctdprof/st003.cnv
* Sea-Bird SBE 9 Data File:
* FileName = C:\Users\CTD01\Desktop\CTD_SAGA\ST003.hex
* Software Version Seasave V 7.26.7.121
* Temperature SN = 4669
* Conductivity SN = 3289
* Number of Bytes Per Scan = 37
* Number of Voltage Words = 4
* Number of Scans Averaged by the Deck Unit = 1
* NMEA Latitude = 45 00.25 S
* NMEA Longitude = 045 00.00 W
* NMEA UTC (Time) = Mar 14 2021 00:58:38
* NMEA baud rate = 9600
** Ship:Sarmiento de Gamboa
** Cruise:SAGA 10W
** Cast:  003
** Station:  003
** Depth:  5198
** Date:  14/03/2021
** Time:  00:58
# nquan = 12
# nvalues = 5165                        
# units = specified
# name 0 = scan: Scan Count
# name 1 = t090C: Temperature [ITS-90, deg C]
# name 2 = c0S/m: Conductivity [S/m]
# name 3 = t190C: Temperature, 2 [ITS-90, deg C]
# name 4 = c1S/m: Conductivity, 2 [S/m]
# name 5 = prDM: Pressure, Digiquartz [db]
# name 6 = latitude: Latitude [deg]
# name 7 = longitude: Longitude [deg]
# name 8 = timeJ: Julian Days
# name 9 = sal00: Salinity, Practical [PSU]
# name 10 = sal11: Salinity, Practical, 2 [PSU]
# name 11 = flag: flag
# span 0 =       1255,     155162       
# span 1 =     0.2842,    15.2972       
# span 2 =   3.085646,   4.268108       
# span 3 =     0.2832,    15.2959       
# span 4 =   3.085813,   4.267846       
# span 5 =      2.000,   5166.000       
# span 6 =  -45.00428,  -45.00424       
# span 7 =  -45.00013,  -45.00006       
# span 8 =  73.041323,  73.115544       
# span 9 =    34.1524,    34.8331       
# span 10 =    34.1553,    34.8360      
# span 11 = 0.0000e+00, 0.0000e+00      
# interval = decibars: 1                
# start_time = Mar 14 2021 00:58:38 [NMEA time, header]
# bad_flag = -9.990e-29
*END*
[from data line 602]
      22017     3.5791   3.175693     3.5783   3.175924    604.000  -45.00424  -45.00008  73.051335    34.1716    34.1751 0.0000e+00
      22040     3.5697   3.175059     3.5684   3.175189    605.000  -45.00424  -45.00008  73.051346    34.1726    34.1756 0.0000e+00
      22068     3.5667   3.174890     3.5650   3.174997    606.000  -45.00424  -45.00008  73.051359    34.1732    34.1762 0.0000e+00
      22112     3.5647   3.174801     3.5630   3.174866    607.000  -45.00424  -45.00008  73.051381    34.1734    34.1760 0.0000e+00
      22153     3.5643   3.174858     3.5629   3.174958    608.000  -45.00424  -45.00008  73.051401    34.1738    34.1764 0.0000e+00
      22175     3.5617   3.174664     3.5610   3.174838    609.000  -45.00424  -45.00008  73.051411    34.1739    34.1767 0.0000e+00
      22192     3.5591   3.174461     3.5577   3.174614    610.000  -45.00424  -45.00008  73.051419    34.1739    34.1770 0.0000e+00
      22211     3.5550   3.174183     3.5535   3.174316    611.000  -45.00424  -45.00008  73.051429    34.1743    34.1775 0.0000e+00
      22247     3.5516   3.174010     3.5484   3.173936    612.000  -45.00424  -45.00008  73.051446    34.1749    34.1776 0.0000e+00
      22297     3.5455   3.173421     3.5410   3.173338    613.000  -45.00424  -45.00008  73.051470    34.1746    34.1780 0.0000e+00
      22328     3.5327   3.172464     3.5316   3.172635    614.000  -45.00424  -45.00008  73.051485    34.1759    34.1791 0.0000e+00
      22352     3.5260   3.171936     3.5247   3.172117    615.000  -45.00424  -45.00008  73.051496    34.1762    34.1796 0.0000e+00
      22372     3.5208   3.171557     3.5195   3.171733    616.000  -45.00424  -45.00008  73.051506    34.1766    34.1799 0.0000e+00
      22389     3.5124   3.170806     3.5114   3.171055    617.000  -45.00424  -45.00008  73.051514    34.1766    34.1806 0.0000e+00
      22406     3.5045   3.170253     3.5032   3.170435    618.000  -45.00424  -45.00008  73.051523    34.1772    34.1808 0.0000e+00
      22424     3.5028   3.170177     3.5013   3.170309    619.000  -45.00424  -45.00008  73.051531    34.1771    34.1802 0.0000e+00
      22450     3.5000   3.170001     3.4986   3.170114    620.000  -45.00424  -45.00008  73.051543    34.1773    34.1802 0.0000e+00
      22551     3.5094   3.170777     3.5070   3.170835    621.000  -45.00424  -45.00008  73.051593    34.1761    34.1788 0.0000e+00
      22569     3.4957   3.169693     3.4960   3.169992    622.000  -45.00424  -45.00008  73.051601    34.1771    34.1808 0.0000e+00
      22584     3.4916   3.169409     3.4903   3.169587    623.000  -45.00424  -45.00008  73.051608    34.1776    34.1811 0.0000e+00
      22597     3.4888   3.169268     3.4874   3.169411    624.000  -45.00424  -45.00008  73.051615    34.1780    34.1812 0.0000e+00
      22609     3.4850   3.168968     3.4837   3.169165    625.000  -45.00424  -45.00008  73.051620    34.1786    34.1821 0.0000e+00
      22622     3.4786   3.168438     3.4774   3.168692    626.000  -45.00424  -45.00008  73.051627    34.1786    34.1829 0.0000e+00
      22638     3.4716   3.167887     3.4705   3.168103    627.000  -45.00424  -45.00008  73.051634    34.1786    34.1824 0.0000e+00
      22709     3.4871   3.169237     3.4881   3.169574    628.000  -45.00424  -45.00008  73.051668    34.1772    34.1797 0.0000e+00
      22766     3.4853   3.169054     3.4868   3.169510    629.000  -45.00424  -45.00008  73.051696    34.1774    34.1811 0.0000e+00
      22782     3.4628   3.167264     3.4630   3.167629    630.000  -45.00424  -45.00008  73.051704    34.1790    34.1845 0.0000e+00
      22796     3.4604   3.167236     3.4588   3.167370    631.000  -45.00424  -45.00007  73.051710    34.1797    34.1829 0.0000e+00
      22808     3.4589   3.167166     3.4575   3.167312    632.000  -45.00424  -45.00006  73.051716    34.1800    34.1833 0.0000e+00
      22821     3.4592   3.167301     3.4575   3.167378    633.000  -45.00424  -45.00007  73.051723    34.1803    34.1831 0.0000e+00
      22834     3.4609   3.167578     3.4591   3.167626    634.000  -45.00424  -45.00008  73.051729    34.1809    34.1834 0.0000e+00
      22886     3.4661   3.168013     3.4635   3.168056    635.000  -45.00424  -45.00008  73.051754    34.1808    34.1839 0.0000e+00
      22974     3.4672   3.167999     3.4658   3.168165    636.000  -45.00424  -45.00008  73.051796    34.1792    34.1826 0.0000e+00
      22985     3.4619   3.167927     3.4607   3.168023    637.000  -45.00424  -45.00008  73.051802    34.1827    34.1850 0.0000e+00
      22997     3.4588   3.167843     3.4578   3.167964    638.000  -45.00424  -45.00008  73.051807    34.1847    34.1872 0.0000e+00
      23008     3.4561   3.167674     3.4546   3.167830    639.000  -45.00424  -45.00008  73.051813    34.1854    34.1886 0.0000e+00
      23020     3.4501   3.167222     3.4488   3.167415    640.000  -45.00424  -45.00006  73.051819    34.1861    34.1899 0.0000e+00
      23033     3.4485   3.167193     3.4467   3.167286    641.000  -45.00424  -45.00006  73.051825    34.1861    34.1891 0.0000e+00
      23061     3.4499   3.167319     3.4487   3.167428    642.000  -45.00424  -45.00007  73.051838    34.1854    34.1880 0.0000e+00
      23125     3.4522   3.167552     3.4530   3.167743    643.000  -45.00424  -45.00008  73.051869    34.1848    34.1863 0.0000e+00
      23178     3.4542   3.167592     3.4509   3.167651    644.000  -45.00424  -45.00008  73.051895    34.1838    34.1878 0.0000e+00
      23203     3.4433   3.166965     3.4420   3.167098    645.000  -45.00424  -45.00008  73.051907    34.1869    34.1898 0.0000e+00
      23222     3.4396   3.166773     3.4380   3.166853    646.000  -45.00424  -45.00008  73.051916    34.1875    34.1903 0.0000e+00
      23239     3.4396   3.166800     3.4380   3.166897    647.000  -45.00424  -45.00008  73.051924    34.1874    34.1902 0.0000e+00
      23256     3.4390   3.166787     3.4373   3.166869    648.000  -45.00424  -45.00008  73.051932    34.1873    34.1901 0.0000e+00
      23274     3.4383   3.166773     3.4368   3.166857    649.000  -45.00424  -45.00008  73.051941    34.1874    34.1899 0.0000e+00
      23298     3.4373   3.166721     3.4359   3.166823    650.000  -45.00424  -45.00008  73.051953    34.1873    34.1900 0.0000e+00
      23346     3.4357   3.166612     3.4333   3.166645    651.000  -45.00424  -45.00008  73.051976    34.1873    34.1902 0.0000e+00
      23407     3.4201   3.165273     3.4183   3.165424    652.000  -45.00424  -45.00008  73.052005    34.1877    34.1912 0.0000e+00
      23432     3.4154   3.165010     3.4141   3.165174    653.000  -45.00424  -45.00008  73.052017    34.1887    34.1921 0.0000e+00
      23449     3.4085   3.164424     3.4072   3.164653    654.000  -45.00424  -45.00008  73.052025    34.1894    34.1934 0.0000e+00
      23463     3.4003   3.163854     3.3990   3.164020    655.000  -45.00424  -45.00008  73.052032    34.1898    34.1933 0.0000e+00
      23476     3.3978   3.163747     3.3963   3.163863    656.000  -45.00424  -45.00008  73.052038    34.1906    34.1936 0.0000e+00
      23489     3.3971   3.163744     3.3955   3.163869    657.000  -45.00424  -45.00008  73.052045    34.1905    34.1936 0.0000e+00
      23505     3.3962   3.163748     3.3947   3.163859    658.000  -45.00424  -45.00008  73.052052    34.1909    34.1938 0.0000e+00
      23584     3.4039   3.164397     3.4059   3.164740    659.000  -45.00424  -45.00010  73.052090    34.1895    34.1915 0.0000e+00
      23631     3.4035   3.164340     3.4029   3.164544    660.000  -45.00424  -45.00010  73.052113    34.1893    34.1923 0.0000e+00
      23653     3.3903   3.163514     3.3901   3.163718    661.000  -45.00424  -45.00010  73.052124    34.1928    34.1958 0.0000e+00
      23673     3.3879   3.163418     3.3863   3.163523    662.000  -45.00424  -45.00010  73.052133    34.1934    34.1963 0.0000e+00
      23693     3.3864   3.163347     3.3848   3.163455    663.000  -45.00424  -45.00010  73.052143    34.1935    34.1965 0.0000e+00
      23713     3.3859   3.163361     3.3843   3.163449    664.000  -45.00424  -45.00010  73.052153    34.1936    34.1963 0.0000e+00
      23732     3.3852   3.163359     3.3833   3.163430    665.000  -45.00424  -45.00010  73.052162    34.1937    34.1966 0.0000e+00
      23750     3.3843   3.163328     3.3827   3.163412    666.000  -45.00424  -45.00010  73.052171    34.1939    34.1965 0.0000e+00
      23768     3.3835   3.163315     3.3815   3.163371    667.000  -45.00424  -45.00010  73.052179    34.1939    34.1966 0.0000e+00
      23795     3.3822   3.163277     3.3806   3.163349    668.000  -45.00424  -45.00010  73.052192    34.1941    34.1968 0.0000e+00
      23877     3.3838   3.163422     3.3826   3.163534    669.000  -45.00425  -45.00012  73.052232    34.1936    34.1961 0.0000e+00
      23902     3.3825   3.163407     3.3811   3.163489    670.000  -45.00426  -45.00012  73.052244    34.1942    34.1966 0.0000e+00
      23919     3.3810   3.163170     3.3803   3.163469    671.000  -45.00426  -45.00012  73.052252    34.1941    34.1968 0.0000e+00
      23934     3.3611   3.161119     3.3673   3.162261    672.000  -45.00426  -45.00012  73.052259    34.1921    34.1991 0.0000e+00
      23947     3.3387   3.159108     3.3403   3.159805    673.000  -45.00426  -45.00012  73.052266    34.1907    34.1982 0.0000e+00
      23962     3.3223   3.157653     3.3222   3.158124    674.000  -45.00426  -45.00012  73.052273    34.1894    34.1951 0.0000e+00
      23985     3.3119   3.156876     3.3111   3.157079    675.000  -45.00424  -45.00012  73.052284    34.1890    34.1927 0.0000e+00
      24115     3.3655   3.161805     3.3766   3.163166    676.000  -45.00424  -45.00012  73.052347    34.1916    34.1963 0.0000e+00
      24124     3.3349   3.158773     3.3290   3.158961    677.000  -45.00424  -45.00012  73.052351    34.1901    34.1980 0.0000e+00
      24137     3.3001   3.155781     3.2994   3.156409    678.000  -45.00424  -45.00012  73.052357    34.1900    34.1992 0.0000e+00
      24150     3.2813   3.154258     3.2805   3.154784    679.000  -45.00424  -45.00012  73.052363    34.1900    34.1971 0.0000e+00
      24162     3.2708   3.153512     3.2698   3.153855    680.000  -45.00425  -45.00012  73.052369    34.1900    34.1955 0.0000e+00
      24174     3.2697   3.153593     3.2680   3.153733    681.000  -45.00426  -45.00012  73.052375    34.1903    34.1943 0.0000e+00
      24186     3.2752   3.154303     3.2730   3.154290    682.000  -45.00426  -45.00012  73.052381    34.1919    34.1939 0.0000e+00
      24198     3.2803   3.154925     3.2787   3.154900    683.000  -45.00426  -45.00012  73.052387    34.1923    34.1942 0.0000e+00
      24211     3.2886   3.155717     3.2865   3.155729    684.000  -45.00426  -45.00012  73.052393    34.1937    34.1955 0.0000e+00
      24310     3.2980   3.156321     3.2964   3.156470    685.000  -45.00426  -45.00012  73.052441    34.1912    34.1952 0.0000e+00
      24369     3.2900   3.155647     3.2877   3.155772    686.000  -45.00426  -45.00012  73.052469    34.1909    34.1950 0.0000e+00
      24384     3.2899   3.155989     3.2873   3.155997    687.000  -45.00426  -45.00012  73.052476    34.1933    34.1959 0.0000e+00
      24399     3.2861   3.155983     3.2843   3.156017    688.000  -45.00426  -45.00012  73.052484    34.1967    34.1992 0.0000e+00
      24413     3.2871   3.156062     3.2851   3.156180    689.000  -45.00426  -45.00012  73.052490    34.1973    34.2007 0.0000e+00
      24427     3.2794   3.155346     3.2782   3.155585    690.000  -45.00426  -45.00012  73.052497    34.1966    34.2005 0.0000e+00
      24443     3.2647   3.153924     3.2628   3.154221    691.000  -45.00426  -45.00012  73.052505    34.1956    34.2013 0.0000e+00
      24463     3.2536   3.153099     3.2525   3.153323    692.000  -45.00426  -45.00012  73.052515    34.1956    34.1995 0.0000e+00
      24492     3.2504   3.152860     3.2489   3.153012    693.000  -45.00426  -45.00012  73.052529    34.1951    34.1985 0.0000e+00
      24524     3.2487   3.152850     3.2472   3.152959    694.000  -45.00426  -45.00013  73.052544    34.1959    34.1989 0.0000e+00
      24583     3.2520   3.153167     3.2528   3.153476    695.000  -45.00426  -45.00013  73.052572    34.1956    34.1982 0.0000e+00
      24638     3.2489   3.152990     3.2510   3.153381    696.000  -45.00426  -45.00012  73.052599    34.1962    34.1990 0.0000e+00
      24660     3.2465   3.152835     3.2450   3.152960    697.000  -45.00426  -45.00012  73.052609    34.1963    34.1994 0.0000e+00
      24678     3.2415   3.152474     3.2402   3.152629    698.000  -45.00426  -45.00012  73.052618    34.1969    34.2001 0.0000e+00
      24696     3.2379   3.152266     3.2364   3.152394    699.000  -45.00426  -45.00012  73.052627    34.1975    34.2006 0.0000e+00
      24714     3.2356   3.152159     3.2342   3.152285    700.000  -45.00426  -45.00012  73.052636    34.1980    34.2010 0.0000e+00
      24736     3.2366   3.152467     3.2349   3.152517    701.000  -45.00425  -45.00012  73.052646    34.1995    34.2020 0.0000e+00
      24771     3.2354   3.152403     3.2339   3.152512    702.000  -45.00424  -45.00012  73.052663    34.1999    34.2028 0.0000e+00
      24810     3.2335   3.152337     3.2320   3.152430    703.000  -45.00424  -45.00012  73.052682    34.2005    34.2032 0.0000e+00
      24833     3.2313   3.152218     3.2299   3.152322    704.000  -45.00425  -45.00012  73.052693    34.2008    34.2036 0.0000e+00
      24852     3.2309   3.152296     3.2294   3.152391    705.000  -45.00426  -45.00012  73.052702    34.2016    34.2042 0.0000e+00
      24869     3.2254   3.151857     3.2242   3.152034    706.000  -45.00426  -45.00012  73.052710    34.2022    34.2056 0.0000e+00
      24889     3.2209   3.151606     3.2195   3.151727    707.000  -45.00426  -45.00012  73.052720    34.2030    34.2060 0.0000e+00
      24945     3.2230   3.151808     3.2199   3.151789    708.000  -45.00426  -45.00012  73.052747    34.2024    34.2056 0.0000e+00
      24997     3.2195   3.151603     3.2178   3.151692    709.000  -45.00426  -45.00012  73.052772    34.2032    34.2059 0.0000e+00
      25019     3.2170   3.151542     3.2155   3.151636    710.000  -45.00426  -45.00012  73.052783    34.2045    34.2071 0.0000e+00
      25037     3.2166   3.151703     3.2151   3.151766    711.000  -45.00424  -45.00012  73.052791    34.2059    34.2082 0.0000e+00
      25055     3.2176   3.151888     3.2160   3.151957    712.000  -45.00424  -45.00012  73.052800    34.2067    34.2091 0.0000e+00
      25075     3.2180   3.151997     3.2165   3.152076    713.000  -45.00424  -45.00011  73.052810    34.2071    34.2096 0.0000e+00
      25101     3.2172   3.151988     3.2158   3.152078    714.000  -45.00424  -45.00010  73.052822    34.2074    34.2099 0.0000e+00
      25132     3.2150   3.151894     3.2136   3.151977    715.000  -45.00424  -45.00010  73.052837    34.2080    34.2105 0.0000e+00
      25165     3.2135   3.151843     3.2120   3.151928    716.000  -45.00426  -45.00010  73.052853    34.2084    34.2111 0.0000e+00
      25191     3.2124   3.151796     3.2109   3.151879    717.000  -45.00426  -45.00010  73.052866    34.2086    34.2111 0.0000e+00
      25213     3.2109   3.151692     3.2095   3.151814    718.000  -45.00426  -45.00010  73.052876    34.2085    34.2114 0.0000e+00
      25234     3.2070   3.151463     3.2056   3.151574    719.000  -45.00426  -45.00010  73.052886    34.2093    34.2121 0.0000e+00
      25267     3.2066   3.151493     3.2047   3.151555    720.000  -45.00426  -45.00010  73.052902    34.2094    34.2121 0.0000e+00
      25320     3.2052   3.151430     3.2034   3.151499    721.000  -45.00426  -45.00010  73.052928    34.2097    34.2123 0.0000e+00
      25354     3.1995   3.151008     3.1981   3.151128    722.000  -45.00424  -45.00010  73.052944    34.2105    34.2134 0.0000e+00
