SAGA/data/raw_ctdprof/st003.cnv
* Sea-Bird SBE 9 Data File:
* FileName = C:\Users\CTD01\Desktop\CTD_SAGA\ST003.hex
* Software Version Seasave V 7.26.7.121
* Temperature SN = 4669
* Conductivity SN = 3289
* Number of Bytes Per Scan = 37
* Number of Voltage Words = 4
* Number of Scans Averaged by the Deck Unit = 1
* NMEA Latitude = 45 00.25 S
* NMEA Longitude = 045 00.00 W
* NMEA UTC (Time) = Mar 14 2021 00:58:38
* NMEA baud rate = 9600
** Ship:Sarmiento de Gamboa
** Cruise:SAGA 10W
** Cast:  003
** Station:  003
** Depth:  5198
** Date:  14/03/2021
** Time:  00:58
# nquan = 12
# nvalues = 5165                        
# units = specified
# name 0 = scan: Scan Count
# name 1 = t090C: Temperature [ITS-90, deg C]
# name 2 = c0S/m: Conductivity [S/m]
# name 3 = t190C: Temperature, 2 [ITS-90, deg C]
# name 4 = c1S/m: Conductivity, 2 [S/m]
# name 5 = prDM: Pressure, Digiquartz [db]
# name 6 = latitude: Latitude [deg]
# name 7 = longitude: Longitude [deg]
# name 8 = timeJ: Julian Days
# name 9 = sal00: Salinity, Practical [PSU]
# name 10 = sal11: Salinity, Practical, 2 [PSU]
# name 11 = flag: flag
# span 0 =       1255,     155162       
# span 1 =     0.2842,    15.2972       
# span 2 =   3.085646,   4.268108       
# span 3 =     0.2832,    15.2959       
# span 4 =   3.085813,   4.267846       
# span 5 =      2.000,   5166.000       
# span 6 =  -45.00428,  -45.00424       
# span 7 =  -45.00013,  -45.00006       
# span 8 =  73.041323,  73.115544       
# span 9 =    34.1524,    34.8331       
# span 10 =    34.1553,    34.8360      
# span 11 = 0.0000e+00, 0.0000e+00      
# interval = decibars: 1                
# start_time = Mar 14 2021 00:58:38 [NMEA time, header]
# bad_flag = -9.990e-29
*END*
[from data line 1685]
      52232     2.7350   3.192085     2.7337   3.192207   1687.000  -45.00426  -45.00010  73.065906    34.7045    34.7071 0.0000e+00
      52247     2.7273   3.191362     2.7264   3.191573   1688.000  -45.00426  -45.00010  73.065913    34.7040    34.7077 0.0000e+00
      52263     2.7246   3.191187     2.7234   3.191339   1689.000  -45.00426  -45.00010  73.065921    34.7039    34.7070 0.0000e+00
      52278     2.7228   3.191138     2.7212   3.191215   1690.000  -45.00426  -45.00010  73.065928    34.7042    34.7070 0.0000e+00
      52295     2.7262   3.191701     2.7244   3.191681   1691.000  -45.00426  -45.00010  73.065937    34.7060    34.7076 0.0000e+00
      52328     2.7306   3.192199     2.7293   3.192255   1692.000  -45.00426  -45.00010  73.065952    34.7073    34.7095 0.0000e+00
      52431     2.7291   3.192002     2.7284   3.192048   1693.000  -45.00426  -45.00010  73.066002    34.7059    34.7076 0.0000e+00
      52449     2.7324   3.192563     2.7304   3.192506   1694.000  -45.00424  -45.00010  73.066011    34.7085    34.7096 0.0000e+00
      52468     2.7328   3.192616     2.7314   3.192707   1695.000  -45.00426  -45.00010  73.066020    34.7087    34.7112 0.0000e+00
      52486     2.7302   3.192375     2.7291   3.192525   1696.000  -45.00426  -45.00010  73.066029    34.7086    34.7116 0.0000e+00
      52502     2.7265   3.192155     2.7250   3.192224   1697.000  -45.00426  -45.00010  73.066036    34.7086    34.7111 0.0000e+00
      52518     2.7280   3.192370     2.7266   3.192413   1698.000  -45.00426  -45.00010  73.066044    34.7088    34.7110 0.0000e+00
      52534     2.7353   3.193290     2.7335   3.193189   1699.000  -45.00426  -45.00010  73.066052    34.7107    34.7114 0.0000e+00
      52551     2.7394   3.193661     2.7380   3.193704   1700.000  -45.00426  -45.00010  73.066060    34.7113    34.7133 0.0000e+00
      52571     2.7382   3.193573     2.7366   3.193627   1701.000  -45.00426  -45.00012  73.066069    34.7116    34.7141 0.0000e+00
      52657     2.7328   3.193053     2.7305   3.193005   1702.000  -45.00425  -45.00011  73.066111    34.7102    34.7121 0.0000e+00
      52719     2.7341   3.193164     2.7333   3.193324   1703.000  -45.00424  -45.00010  73.066141    34.7105    34.7129 0.0000e+00
      52736     2.7237   3.192298     2.7229   3.192496   1704.000  -45.00424  -45.00010  73.066149    34.7107    34.7142 0.0000e+00
      52750     2.7249   3.192600     2.7234   3.192625   1705.000  -45.00425  -45.00010  73.066156    34.7113    34.7131 0.0000e+00
      52763     2.7251   3.192508     2.7245   3.192722   1706.000  -45.00426  -45.00010  73.066162    34.7110    34.7139 0.0000e+00
      52775     2.7142   3.191411     2.7136   3.191771   1707.000  -45.00426  -45.00010  73.066168    34.7101    34.7151 0.0000e+00
      52788     2.7091   3.191109     2.7080   3.191276   1708.000  -45.00426  -45.00010  73.066174    34.7097    34.7132 0.0000e+00
      52800     2.7120   3.191580     2.7106   3.191551   1709.000  -45.00426  -45.00010  73.066180    34.7102    34.7117 0.0000e+00
      52814     2.7230   3.192778     2.7205   3.192627   1710.000  -45.00426  -45.00010  73.066187    34.7122    34.7131 0.0000e+00
      52851     2.7238   3.192795     2.7230   3.192891   1711.000  -45.00426  -45.00010  73.066205    34.7123    34.7143 0.0000e+00
      52950     2.7218   3.192568     2.7215   3.192687   1712.000 -9.990e-29  -45.00010  73.066252    34.7112    34.7130 0.0000e+00
      52979     2.7213   3.192712     2.7197   3.192774   1713.000 -9.990e-29  -45.00010  73.066266    34.7129    34.7154 0.0000e+00
      53005     2.7208   3.192786     2.7198   3.192901   1714.000  -45.00424  -45.00010  73.066279    34.7136    34.7159 0.0000e+00
      53025     2.7267   3.193479     2.7248   3.193465   1715.000  -45.00424  -45.00010  73.066289    34.7149    34.7167 0.0000e+00
      53042     2.7265   3.193409     2.7258   3.193614   1716.000  -45.00424  -45.00010  73.066297    34.7152    34.7183 0.0000e+00
      53058     2.7172   3.192508     2.7156   3.192686   1717.000  -45.00424  -45.00010  73.066304    34.7143    34.7182 0.0000e+00
      53074     2.7124   3.192188     2.7113   3.192316   1718.000  -45.00424  -45.00010  73.066312    34.7139    34.7167 0.0000e+00
      53091     2.7212   3.193474     2.7217   3.193501   1719.000  -45.00424  -45.00010  73.066320    34.7162    34.7164 0.0000e+00
      53110     2.7404   3.195250     2.7380   3.195157   1720.000  -45.00424  -45.00010  73.066330    34.7188    34.7199 0.0000e+00
      53135     2.7438   3.195635     2.7424   3.195675   1721.000  -45.00425  -45.00010  73.066342    34.7199    34.7219 0.0000e+00
      53165     2.7407   3.195372     2.7394   3.195439   1722.000  -45.00426  -45.00010  73.066356    34.7198    34.7221 0.0000e+00
      53218     2.7398   3.195354     2.7380   3.195349   1723.000  -45.00426  -45.00010  73.066382    34.7199    34.7218 0.0000e+00
      53272     2.7405   3.195520     2.7388   3.195551   1724.000  -45.00426  -45.00010  73.066408    34.7206    34.7227 0.0000e+00
      53299     2.7439   3.195920     2.7424   3.195970   1725.000  -45.00425  -45.00010  73.066421    34.7215    34.7236 0.0000e+00
      53322     2.7442   3.195995     2.7427   3.196056   1726.000  -45.00424  -45.00010  73.066432    34.7216    34.7239 0.0000e+00
      53345     2.7447   3.196131     2.7435   3.196190   1727.000  -45.00424  -45.00010  73.066443    34.7219    34.7239 0.0000e+00
      53367     2.7504   3.196773     2.7487   3.196761   1728.000  -45.00424  -45.00009  73.066454    34.7230    34.7247 0.0000e+00
      53389     2.7565   3.197521     2.7546   3.197468   1729.000  -45.00424  -45.00008  73.066464    34.7245    34.7258 0.0000e+00
      53408     2.7573   3.197524     2.7559   3.197603   1730.000  -45.00424  -45.00008  73.066473    34.7247    34.7269 0.0000e+00
      53426     2.7493   3.196798     2.7480   3.196929   1731.000 -9.990e-29  -45.00008  73.066482    34.7241    34.7272 0.0000e+00
      53444     2.7475   3.196729     2.7460   3.196784   1732.000 -9.990e-29  -45.00008  73.066491    34.7241    34.7264 0.0000e+00
      53465     2.7486   3.196882     2.7471   3.196939   1733.000 -9.990e-29  -45.00008  73.066501    34.7242    34.7265 0.0000e+00
      53514     2.7494   3.196986     2.7478   3.197035   1734.000  -45.00426  -45.00009  73.066524    34.7242    34.7265 0.0000e+00
      53567     2.7583   3.198065     2.7558   3.197988   1735.000  -45.00425  -45.00010  73.066550    34.7264    34.7280 0.0000e+00
      53595     2.7642   3.198714     2.7627   3.198717   1736.000  -45.00424  -45.00008  73.066563    34.7278    34.7294 0.0000e+00
      53618     2.7668   3.199010     2.7653   3.199048   1737.000  -45.00424  -45.00008  73.066575    34.7283    34.7304 0.0000e+00
      53640     2.7632   3.198657     2.7622   3.198778   1738.000  -45.00424  -45.00008  73.066585    34.7280    34.7305 0.0000e+00
      53662     2.7644   3.198955     2.7623   3.198889   1739.000  -45.00424  -45.00008  73.066596    34.7286    34.7303 0.0000e+00
      53684     2.7701   3.199585     2.7676   3.199461   1740.000  -45.00424  -45.00008  73.066606    34.7297    34.7313 0.0000e+00
      53706     2.7807   3.200726     2.7760   3.200383   1741.000  -45.00424  -45.00008  73.066617    34.7315    34.7318 0.0000e+00
      53730     2.7837   3.201011     2.7817   3.200981   1742.000  -45.00424  -45.00008  73.066628    34.7319    34.7336 0.0000e+00
      53766     2.7811   3.200797     2.7797   3.200841   1743.000  -45.00424  -45.00008  73.066646    34.7321    34.7340 0.0000e+00
      53822     2.7763   3.200340     2.7751   3.200463   1744.000  -45.00424  -45.00008  73.066673    34.7315    34.7341 0.0000e+00
      53848     2.7690   3.199611     2.7683   3.199814   1745.000  -45.00424  -45.00008  73.066686    34.7312    34.7343 0.0000e+00
      53868     2.7586   3.198752     2.7569   3.198815   1746.000  -45.00424  -45.00008  73.066695    34.7304    34.7332 0.0000e+00
      53884     2.7581   3.198745     2.7570   3.198866   1747.000  -45.00424  -45.00008  73.066703    34.7302    34.7329 0.0000e+00
      53900     2.7581   3.198789     2.7566   3.198872   1748.000  -45.00424  -45.00008  73.066710    34.7303    34.7329 0.0000e+00
      53915     2.7582   3.198883     2.7568   3.198937   1749.000  -45.00424  -45.00008  73.066718    34.7306    34.7328 0.0000e+00
      53934     2.7597   3.199083     2.7580   3.199127   1750.000  -45.00424  -45.00006  73.066727    34.7309    34.7332 0.0000e+00
      54005     2.7610   3.199217     2.7594   3.199278   1751.000  -45.00424  -45.00007  73.066761    34.7307    34.7332 0.0000e+00
      54060     2.7610   3.199351     2.7592   3.199350   1752.000  -45.00424  -45.00008  73.066788    34.7316    34.7335 0.0000e+00
      54078     2.7614   3.199468     2.7600   3.199536   1753.000  -45.00424  -45.00006  73.066796    34.7323    34.7345 0.0000e+00
      54094     2.7615   3.199520     2.7599   3.199572   1754.000  -45.00424  -45.00006  73.066804    34.7323    34.7346 0.0000e+00
      54107     2.7617   3.199586     2.7601   3.199637   1755.000  -45.00424  -45.00006  73.066810    34.7323    34.7345 0.0000e+00
      54120     2.7625   3.199786     2.7610   3.199776   1756.000  -45.00424  -45.00006  73.066817    34.7328    34.7345 0.0000e+00
      54132     2.7661   3.200226     2.7645   3.200218   1757.000  -45.00424  -45.00006  73.066822    34.7339    34.7353 0.0000e+00
      54146     2.7690   3.200646     2.7675   3.200612   1758.000  -45.00424  -45.00008  73.066829    34.7349    34.7362 0.0000e+00
      54164     2.7793   3.201795     2.7772   3.201693   1759.000  -45.00424  -45.00008  73.066838    34.7371    34.7380 0.0000e+00
      54294     2.7698   3.200784     2.7661   3.200489   1760.000  -45.00424  -45.00008  73.066900    34.7345    34.7356 0.0000e+00
      54309     2.7760   3.201469     2.7736   3.201381   1761.000  -45.00424  -45.00008  73.066908    34.7364    34.7368 0.0000e+00
      54323     2.7760   3.201623     2.7747   3.201645   1762.000  -45.00424  -45.00008  73.066914    34.7378    34.7396 0.0000e+00
      54335     2.7773   3.201832     2.7759   3.201854   1763.000  -45.00424  -45.00006  73.066920    34.7385    34.7401 0.0000e+00
      54348     2.7776   3.201884     2.7762   3.201928   1764.000  -45.00424  -45.00006  73.066927    34.7385    34.7405 0.0000e+00
      54363     2.7774   3.201905     2.7760   3.201951   1765.000  -45.00424  -45.00006  73.066934    34.7385    34.7405 0.0000e+00
      54379     2.7775   3.201994     2.7760   3.202028   1766.000  -45.00424  -45.00006  73.066942    34.7388    34.7408 0.0000e+00
      54407     2.7794   3.202198     2.7779   3.202264   1767.000  -45.00424  -45.00006  73.066955    34.7391    34.7414 0.0000e+00
      54460     2.7804   3.202421     2.7784   3.202398   1768.000  -45.00425  -45.00008  73.066981    34.7396    34.7417 0.0000e+00
      54497     2.7864   3.203134     2.7844   3.203138   1769.000  -45.00426  -45.00008  73.066999    34.7417    34.7436 0.0000e+00
      54526     2.7863   3.203185     2.7848   3.203228   1770.000 -9.990e-29  -45.00008  73.067012    34.7420    34.7441 0.0000e+00
      54556     2.7857   3.203133     2.7843   3.203217   1771.000 -9.990e-29  -45.00008  73.067027    34.7419    34.7442 0.0000e+00
      54593     2.7767   3.202252     2.7753   3.202364   1772.000 -9.990e-29  -45.00008  73.067045    34.7409    34.7438 0.0000e+00
      54624     2.7688   3.201538     2.7677   3.201686   1773.000 -9.990e-29  -45.00008  73.067060    34.7403    34.7432 0.0000e+00
      54646     2.7628   3.200990     2.7615   3.201116   1774.000 -9.990e-29  -45.00008  73.067070    34.7398    34.7429 0.0000e+00
      54664     2.7604   3.200850     2.7587   3.200906   1775.000 -9.990e-29  -45.00008  73.067079    34.7396    34.7420 0.0000e+00
      54682     2.7604   3.200889     2.7590   3.200981   1776.000 -9.990e-29  -45.00008  73.067088    34.7396    34.7422 0.0000e+00
      54701     2.7590   3.200791     2.7575   3.200893   1777.000  -45.00426  -45.00008  73.067097    34.7395    34.7423 0.0000e+00
      54729     2.7617   3.201167     2.7594   3.201164   1778.000  -45.00426 -9.990e-29  73.067111    34.7400    34.7424 0.0000e+00
      54772     2.7644   3.201468     2.7630   3.201559   1779.000  -45.00426 -9.990e-29  73.067131    34.7406    34.7431 0.0000e+00
      54811     2.7619   3.201257     2.7607   3.201374   1780.000  -45.00426  -45.00010  73.067150    34.7405    34.7431 0.0000e+00
      54836     2.7577   3.200916     2.7563   3.201009   1781.000  -45.00426  -45.00010  73.067162    34.7403    34.7429 0.0000e+00
      54857     2.7618   3.201466     2.7604   3.201489   1782.000  -45.00426  -45.00010  73.067172    34.7411    34.7426 0.0000e+00
      54877     2.7640   3.201735     2.7627   3.201784   1783.000  -45.00426  -45.00010  73.067182    34.7419    34.7440 0.0000e+00
      54909     2.7635   3.201701     2.7619   3.201762   1784.000  -45.00426  -45.00010  73.067197    34.7418    34.7442 0.0000e+00
      54959     2.7638   3.201784     2.7628   3.201902   1785.000  -45.00426  -45.00010  73.067221    34.7419    34.7444 0.0000e+00
      54985     2.7598   3.201350     2.7595   3.201594   1786.000  -45.00426  -45.00010  73.067234    34.7414    34.7445 0.0000e+00
      55007     2.7539   3.200858     2.7524   3.200958   1787.000  -45.00426  -45.00010  73.067244    34.7406    34.7434 0.0000e+00
      55027     2.7522   3.200567     2.7506   3.200766   1788.000  -45.00426  -45.00010  73.067254    34.7399    34.7433 0.0000e+00
      55047     2.7327   3.198718     2.7337   3.199187   1789.000  -45.00426  -45.00010  73.067264    34.7377    34.7429 0.0000e+00
      55067     2.7305   3.198622     2.7291   3.198757   1790.000  -45.00426  -45.00010  73.067273    34.7375    34.7407 0.0000e+00
      55090     2.7296   3.198571     2.7282   3.198692   1791.000  -45.00428  -45.00012  73.067285    34.7372    34.7403 0.0000e+00
      55123     2.7299   3.198648     2.7286   3.198758   1792.000  -45.00428  -45.00012  73.067301    34.7371    34.7399 0.0000e+00
      55199     2.7336   3.198999     2.7301   3.198966   1793.000  -45.00426  -45.00010  73.067337    34.7373    34.7406 0.0000e+00
      55222     2.7299   3.198794     2.7287   3.198872   1794.000  -45.00426 -9.990e-29  73.067348    34.7375    34.7398 0.0000e+00
      55240     2.7312   3.198966     2.7297   3.199047   1795.000  -45.00426 -9.990e-29  73.067357    34.7378    34.7403 0.0000e+00
      55256     2.7293   3.198752     2.7280   3.198929   1796.000  -45.00426 -9.990e-29  73.067364    34.7376    34.7407 0.0000e+00
      55271     2.7183   3.197714     2.7178   3.198018   1797.000  -45.00426 -9.990e-29  73.067372    34.7371    34.7414 0.0000e+00
      55288     2.7117   3.197197     2.7104   3.197375   1798.000  -45.00426 -9.990e-29  73.067380    34.7366    34.7402 0.0000e+00
      55308     2.7089   3.196979     2.7076   3.197116   1799.000  -45.00426  -45.00012  73.067390    34.7362    34.7393 0.0000e+00
      55341     2.7078   3.196916     2.7065   3.197048   1800.000  -45.00426  -45.00012  73.067406    34.7359    34.7388 0.0000e+00
      55379     2.7067   3.196895     2.7049   3.196942   1801.000  -45.00426  -45.00012  73.067424    34.7359    34.7387 0.0000e+00
      55413     2.7065   3.196922     2.7043   3.196962   1802.000  -45.00426  -45.00012  73.067440    34.7363    34.7388 0.0000e+00
      55450     2.7056   3.196895     2.7042   3.197002   1803.000  -45.00426  -45.00012  73.067458    34.7365    34.7392 0.0000e+00
      55482     2.6988   3.196285     2.6978   3.196432   1804.000  -45.00426  -45.00010  73.067473    34.7358    34.7388 0.0000e+00
      55512     2.6970   3.196139     2.6959   3.196298   1805.000  -45.00426  -45.00010  73.067488    34.7356    34.7385 0.0000e+00
