SBEDataProcessing_SAGA-CTD_example/tipo1/out1/st001.cnv
* Sea-Bird SBE 9 Data File:
* FileName = C:\Users\CTD01\Desktop\CTD_SAGA\ST001.hex
* Software Version Seasave V 7.26.7.121
* Temperature SN = 4669
* Conductivity SN = 3289
* Number of Bytes Per Scan = 37
* Number of Voltage Words = 4
* Number of Scans Averaged by the Deck Unit = 1
* NMEA Latitude = 47 00.83 S
* NMEA Longitude = 047 03.62 W
* NMEA UTC (Time) = Mar 12 2021 21:57:37
* NMEA baud rate = 9600
** Ship:Sarmiento de Gamboa
** Cruise:SAGA 10W
** Cast:  001
** Station:  001
** Depth:  5920
** Date:  12/03/2021
** Time:  21:57
# nquan = 12
# nvalues = 5371                        
# units = specified
# name 0 = scan: Scan Count
# name 1 = t090C: Temperature [ITS-90, deg C]
# name 2 = c0S/m: Conductivity [S/m]
# name 3 = t190C: Temperature, 2 [ITS-90, deg C]
# name 4 = c1S/m: Conductivity, 2 [S/m]
# name 5 = prDM: Pressure, Digiquartz [db]
# name 6 = latitude: Latitude [deg]
# name 7 = longitude: Longitude [deg]
# name 8 = timeJ: Julian Days
# name 9 = sal00: Salinity, Practical [PSU]
# name 10 = sal11: Salinity, Practical, 2 [PSU]
# name 11 = flag: flag
# span 0 =       3226,     159170       
# span 1 =     0.3771,    14.3058       
# span 2 =   3.107493,   4.185994       
# span 3 =     0.3763,    14.3036       
# span 4 =   3.107651,   4.185685       
# span 5 =      3.000,   5373.000       
# span 6 =  -47.01392,  -47.01386       
# span 7 =  -47.06044,  -47.06028       
# span 8 =  71.916567,  71.991772       
# span 9 =    34.1538,    35.0392       
# span 10 =    34.1573,    35.0457      
# span 11 = 0.0000e+00, 0.0000e+00      
# interval = decibars: 1                
# start_time = Mar 12 2021 21:57:37 [NMEA time, header]
# bad_flag = -9.990e-29
*END*
[from data line 4813]
     139846     0.4640   3.107543     0.4628   3.107694   4816.000  -47.01390  -47.06034  71.982452    34.6740    34.6771 0.0000e+00
     139868     0.4641   3.107587     0.4630   3.107740   4817.000  -47.01390  -47.06034  71.982463    34.6740    34.6771 0.0000e+00
     139887     0.4637   3.107592     0.4626   3.107733   4818.000  -47.01390  -47.06034  71.982472    34.6742    34.6770 0.0000e+00
     139905     0.4630   3.107560     0.4620   3.107713   4819.000  -47.01390  -47.06034  71.982481    34.6740    34.6770 0.0000e+00
     139958     0.4636   3.107637     0.4622   3.107760   4820.000  -47.01390  -47.06034  71.982506    34.6740    34.6770 0.0000e+00
     140028     0.4637   3.107673     0.4624   3.107811   4821.000  -47.01390  -47.06034  71.982540    34.6740    34.6770 0.0000e+00
     140047     0.4623   3.107594     0.4612   3.107744   4822.000  -47.01390  -47.06034  71.982549    34.6740    34.6771 0.0000e+00
     140064     0.4621   3.107618     0.4611   3.107770   4823.000  -47.01390  -47.06034  71.982557    34.6741    34.6770 0.0000e+00
     140080     0.4620   3.107638     0.4610   3.107780   4824.000  -47.01390  -47.06034  71.982565    34.6740    34.6769 0.0000e+00
     140096     0.4618   3.107659     0.4609   3.107793   4825.000  -47.01390  -47.06034  71.982573    34.6741    34.6768 0.0000e+00
     140112     0.4616   3.107659     0.4606   3.107809   4826.000  -47.01390  -47.06034  71.982581    34.6740    34.6768 0.0000e+00
     140130     0.4613   3.107671     0.4603   3.107819   4827.000  -47.01390  -47.06034  71.982589    34.6740    34.6769 0.0000e+00
     140152     0.4606   3.107622     0.4595   3.107785   4828.000  -47.01390  -47.06032  71.982600    34.6739    34.6770 0.0000e+00
     140184     0.4591   3.107525     0.4580   3.107675   4829.000  -47.01390  -47.06033  71.982615    34.6738    34.6768 0.0000e+00
     140253     0.4592   3.107565     0.4578   3.107684   4830.000  -47.01390  -47.06034  71.982649    34.6737    34.6767 0.0000e+00
     140302     0.4591   3.107595     0.4580   3.107746   4831.000  -47.01390  -47.06034  71.982672    34.6737    34.6768 0.0000e+00
     140323     0.4591   3.107639     0.4581   3.107784   4832.000  -47.01390 -9.990e-29  71.982682    34.6739    34.6768 0.0000e+00
     140341     0.4591   3.107670     0.4580   3.107798   4833.000  -47.01390 -9.990e-29  71.982691    34.6739    34.6766 0.0000e+00
     140357     0.4583   3.107594     0.4573   3.107774   4834.000  -47.01390 -9.990e-29  71.982699    34.6737    34.6770 0.0000e+00
     140371     0.4568   3.107540     0.4559   3.107689   4835.000  -47.01390 -9.990e-29  71.982706    34.6738    34.6767 0.0000e+00
     140385     0.4568   3.107568     0.4558   3.107709   4836.000  -47.01390 -9.990e-29  71.982712    34.6739    34.6767 0.0000e+00
     140400     0.4565   3.107552     0.4554   3.107714   4837.000  -47.01390  -47.06032  71.982719    34.6737    34.6769 0.0000e+00
     140415     0.4558   3.107525     0.4547   3.107674   4838.000  -47.01390  -47.06032  71.982727    34.6737    34.6767 0.0000e+00
     140434     0.4554   3.107511     0.4543   3.107659   4839.000  -47.01390  -47.06032  71.982736    34.6735    34.6765 0.0000e+00
     140541     0.4574   3.107720     0.4564   3.107871   4840.000  -47.01390  -47.06032  71.982787    34.6737    34.6766 0.0000e+00
     140586     0.4560   3.107639     0.4554   3.107827   4841.000  -47.01390  -47.06032  71.982809    34.6738    34.6768 0.0000e+00
     140600     0.4547   3.107565     0.4537   3.107717   4842.000  -47.01390  -47.06032  71.982816    34.6737    34.6768 0.0000e+00
     140612     0.4544   3.107577     0.4534   3.107722   4843.000  -47.01390  -47.06032  71.982822    34.6738    34.6767 0.0000e+00
     140625     0.4544   3.107608     0.4534   3.107749   4844.000  -47.01390  -47.06032  71.982828    34.6737    34.6765 0.0000e+00
     140637     0.4545   3.107641     0.4535   3.107776   4845.000  -47.01390  -47.06032  71.982834    34.6736    34.6763 0.0000e+00
     140650     0.4543   3.107651     0.4534   3.107805   4846.000  -47.01390  -47.06032  71.982840    34.6736    34.6765 0.0000e+00
     140664     0.4535   3.107595     0.4525   3.107767   4847.000  -47.01390  -47.06032  71.982847    34.6735    34.6767 0.0000e+00
     140685     0.4527   3.107567     0.4516   3.107723   4848.000  -47.01390  -47.06032  71.982857    34.6734    34.6765 0.0000e+00
     140811     0.4566   3.107931     0.4564   3.108157   4849.000  -47.01390  -47.06034  71.982917    34.6733    34.6764 0.0000e+00
     140834     0.4542   3.107732     0.4527   3.107876   4850.000  -47.01390  -47.06034  71.982929    34.6735    34.6767 0.0000e+00
     140850     0.4516   3.107580     0.4509   3.107754   4851.000  -47.01390  -47.06034  71.982936    34.6736    34.6766 0.0000e+00
     140864     0.4514   3.107581     0.4504   3.107734   4852.000  -47.01390  -47.06034  71.982943    34.6736    34.6765 0.0000e+00
     140878     0.4508   3.107582     0.4499   3.107713   4853.000  -47.01390  -47.06034  71.982950    34.6737    34.6763 0.0000e+00
     140891     0.4507   3.107593     0.4497   3.107732   4854.000  -47.01390  -47.06034  71.982956    34.6735    34.6763 0.0000e+00
     140905     0.4508   3.107625     0.4497   3.107770   4855.000  -47.01390  -47.06034  71.982963    34.6734    34.6763 0.0000e+00
     140919     0.4507   3.107644     0.4497   3.107787   4856.000  -47.01390  -47.06034  71.982970    34.6734    34.6762 0.0000e+00
     140937     0.4502   3.107624     0.4493   3.107796   4857.000  -47.01390  -47.06034  71.982978    34.6732    34.6763 0.0000e+00
     141010     0.4521   3.107830     0.4512   3.107987   4858.000  -47.01390  -47.06035  71.983013    34.6732    34.6761 0.0000e+00
     141074     0.4519   3.107826     0.4499   3.107906   4859.000  -47.01390  -47.06036  71.983045    34.6734    34.6766 0.0000e+00
     141091     0.4492   3.107639     0.4481   3.107785   4860.000  -47.01390  -47.06036  71.983053    34.6734    34.6764 0.0000e+00
     141107     0.4481   3.107579     0.4473   3.107740   4861.000  -47.01390  -47.06036  71.983060    34.6733    34.6763 0.0000e+00
     141123     0.4474   3.107547     0.4464   3.107706   4862.000  -47.01390  -47.06036  71.983068    34.6733    34.6763 0.0000e+00
     141139     0.4465   3.107497     0.4455   3.107651   4863.000  -47.01390  -47.06036  71.983076    34.6732    34.6762 0.0000e+00
     141157     0.4462   3.107507     0.4452   3.107667   4864.000  -47.01390  -47.06036  71.983084    34.6732    34.6762 0.0000e+00
     141177     0.4459   3.107493     0.4450   3.107669   4865.000  -47.01390  -47.06036  71.983094    34.6730    34.6762 0.0000e+00
     141202     0.4457   3.107515     0.4447   3.107667   4866.000  -47.01390  -47.06037  71.983106    34.6731    34.6761 0.0000e+00
     141241     0.4459   3.107557     0.4448   3.107704   4867.000  -47.01390  -47.06038  71.983125    34.6729    34.6759 0.0000e+00
     141302     0.4459   3.107595     0.4446   3.107717   4868.000  -47.01390  -47.06038  71.983154    34.6729    34.6759 0.0000e+00
     141338     0.4455   3.107596     0.4445   3.107744   4869.000  -47.01390  -47.06038  71.983172    34.6730    34.6759 0.0000e+00
     141361     0.4455   3.107627     0.4445   3.107768   4870.000  -47.01390  -47.06038  71.983183    34.6730    34.6759 0.0000e+00
     141380     0.4452   3.107622     0.4442   3.107776   4871.000  -47.01390  -47.06038  71.983192    34.6729    34.6758 0.0000e+00
     141397     0.4446   3.107607     0.4436   3.107761   4872.000  -47.01390  -47.06038  71.983200    34.6729    34.6759 0.0000e+00
     141414     0.4443   3.107630     0.4433   3.107779   4873.000  -47.01390  -47.06038  71.983209    34.6730    34.6760 0.0000e+00
     141432     0.4441   3.107635     0.4432   3.107785   4874.000  -47.01390  -47.06038  71.983217    34.6730    34.6759 0.0000e+00
     141453     0.4439   3.107635     0.4428   3.107790   4875.000  -47.01390  -47.06038  71.983227    34.6728    34.6758 0.0000e+00
     141487     0.4437   3.107660     0.4427   3.107800   4876.000  -47.01390  -47.06038  71.983244    34.6729    34.6757 0.0000e+00
     141527     0.4435   3.107668     0.4425   3.107814   4877.000  -47.01390  -47.06040  71.983263    34.6727    34.6757 0.0000e+00
     141557     0.4433   3.107676     0.4422   3.107826   4878.000  -47.01390  -47.06040  71.983277    34.6727    34.6757 0.0000e+00
     141591     0.4430   3.107693     0.4420   3.107836   4879.000  -47.01390  -47.06040  71.983294    34.6728    34.6757 0.0000e+00
     141627     0.4430   3.107722     0.4419   3.107861   4880.000  -47.01390  -47.06039  71.983311    34.6728    34.6757 0.0000e+00
     141654     0.4425   3.107713     0.4416   3.107865   4881.000  -47.01390  -47.06038  71.983324    34.6728    34.6757 0.0000e+00
     141676     0.4421   3.107715     0.4411   3.107853   4882.000  -47.01390  -47.06038  71.983335    34.6729    34.6757 0.0000e+00
     141696     0.4420   3.107725     0.4409   3.107872   4883.000  -47.01390  -47.06038  71.983344    34.6727    34.6757 0.0000e+00
     141714     0.4419   3.107757     0.4409   3.107893   4884.000  -47.01390  -47.06040  71.983353    34.6728    34.6756 0.0000e+00
     141734     0.4417   3.107763     0.4407   3.107919   4885.000  -47.01390  -47.06040  71.983363    34.6727    34.6757 0.0000e+00
     141757     0.4416   3.107796     0.4405   3.107932   4886.000  -47.01390  -47.06040  71.983374    34.6728    34.6757 0.0000e+00
     141801     0.4418   3.107838     0.4406   3.107962   4887.000  -47.01390  -47.06040  71.983395    34.6727    34.6755 0.0000e+00
     141852     0.4418   3.107864     0.4406   3.108012   4888.000  -47.01390  -47.06040  71.983420    34.6726    34.6757 0.0000e+00
     141876     0.4419   3.107920     0.4409   3.108057   4889.000  -47.01390  -47.06040  71.983431    34.6727    34.6756 0.0000e+00
     141896     0.4420   3.107955     0.4410   3.108093   4890.000  -47.01390  -47.06040  71.983441    34.6727    34.6755 0.0000e+00
     141917     0.4420   3.108001     0.4410   3.108137   4891.000  -47.01390  -47.06040  71.983451    34.6729    34.6756 0.0000e+00
     141939     0.4418   3.107997     0.4409   3.108156   4892.000  -47.01390  -47.06040  71.983462    34.6727    34.6757 0.0000e+00
     141962     0.4415   3.108006     0.4405   3.108143   4893.000  -47.01390  -47.06040  71.983473    34.6727    34.6755 0.0000e+00
     141983     0.4412   3.108019     0.4403   3.108166   4894.000  -47.01390  -47.06040  71.983483    34.6727    34.6755 0.0000e+00
     142004     0.4412   3.108044     0.4402   3.108201   4895.000  -47.01390  -47.06040  71.983493    34.6727    34.6757 0.0000e+00
     142026     0.4400   3.107958     0.4392   3.108131   4896.000  -47.01390  -47.06040  71.983504    34.6727    34.6756 0.0000e+00
     142087     0.4402   3.108020     0.4388   3.108122   4897.000  -47.01390  -47.06040  71.983533    34.6727    34.6754 0.0000e+00
     142146     0.4396   3.107976     0.4388   3.108152   4898.000  -47.01390  -47.06040  71.983561    34.6725    34.6755 0.0000e+00
     142162     0.4389   3.107972     0.4379   3.108101   4899.000  -47.01390  -47.06040  71.983569    34.6727    34.6753 0.0000e+00
     142176     0.4385   3.107977     0.4375   3.108116   4900.000  -47.01390  -47.06040  71.983576    34.6728    34.6756 0.0000e+00
     142189     0.4385   3.107990     0.4374   3.108143   4901.000  -47.01390  -47.06040  71.983582    34.6725    34.6756 0.0000e+00
     142202     0.4379   3.107982     0.4369   3.108121   4902.000  -47.01390  -47.06040  71.983588    34.6727    34.6754 0.0000e+00
     142216     0.4375   3.107968     0.4365   3.108122   4903.000  -47.01390  -47.06040  71.983595    34.6726    34.6755 0.0000e+00
     142234     0.4371   3.107949     0.4360   3.108103   4904.000  -47.01390  -47.06040  71.983604    34.6724    34.6754 0.0000e+00
     142300     0.4383   3.108090     0.4372   3.108232   4905.000  -47.01390  -47.06040  71.983636    34.6724    34.6753 0.0000e+00
     142342     0.4374   3.108030     0.4364   3.108206   4906.000  -47.01390  -47.06040  71.983656    34.6723    34.6755 0.0000e+00
     142364     0.4370   3.108051     0.4360   3.108192   4907.000  -47.01390  -47.06040  71.983667    34.6725    34.6754 0.0000e+00
     142390     0.4369   3.108070     0.4360   3.108226   4908.000  -47.01390  -47.06040  71.983679    34.6724    34.6753 0.0000e+00
     142417     0.4370   3.108119     0.4359   3.108247   4909.000  -47.01390  -47.06040  71.983692    34.6725    34.6752 0.0000e+00
     142441     0.4371   3.108153     0.4361   3.108295   4910.000  -47.01390  -47.06038  71.983704    34.6723    34.6752 0.0000e+00
     142460     0.4372   3.108192     0.4362   3.108332   4911.000  -47.01390  -47.06038  71.983713    34.6724    34.6752 0.0000e+00
     142476     0.4372   3.108246     0.4362   3.108371   4912.000  -47.01390  -47.06038  71.983721    34.6726    34.6752 0.0000e+00
     142492     0.4372   3.108271     0.4362   3.108404   4913.000  -47.01390  -47.06038  71.983728    34.6726    34.6753 0.0000e+00
     142509     0.4372   3.108289     0.4361   3.108414   4914.000  -47.01390  -47.06038  71.983737    34.6724    34.6752 0.0000e+00
     142549     0.4372   3.108319     0.4361   3.108458   4915.000  -47.01390  -47.06038  71.983756    34.6724    34.6752 0.0000e+00
     142639     0.4377   3.108411     0.4367   3.108535   4916.000  -47.01390  -47.06038  71.983799    34.6726    34.6752 0.0000e+00
     142651     0.4369   3.108368     0.4361   3.108515   4917.000  -47.01390  -47.06038  71.983805    34.6726    34.6753 0.0000e+00
     142664     0.4363   3.108352     0.4354   3.108490   4918.000  -47.01390  -47.06037  71.983811    34.6725    34.6753 0.0000e+00
     142676     0.4362   3.108362     0.4352   3.108504   4919.000  -47.01390  -47.06036  71.983817    34.6725    34.6753 0.0000e+00
     142690     0.4355   3.108320     0.4347   3.108489   4920.000  -47.01390  -47.06036  71.983824    34.6723    34.6752 0.0000e+00
     142710     0.4350   3.108306     0.4340   3.108461   4921.000  -47.01390  -47.06036  71.983833    34.6722    34.6752 0.0000e+00
     142759     0.4357   3.108392     0.4347   3.108537   4922.000  -47.01390  -47.06036  71.983857    34.6721    34.6750 0.0000e+00
     142802     0.4349   3.108360     0.4339   3.108514   4923.000  -47.01390  -47.06036  71.983878    34.6722    34.6753 0.0000e+00
     142824     0.4343   3.108351     0.4333   3.108499   4924.000  -47.01390  -47.06036  71.983888    34.6723    34.6752 0.0000e+00
     142845     0.4342   3.108380     0.4333   3.108521   4925.000  -47.01390  -47.06036  71.983898    34.6724    34.6751 0.0000e+00
     142866     0.4340   3.108372     0.4330   3.108524   4926.000  -47.01390  -47.06036  71.983909    34.6722    34.6751 0.0000e+00
     142888     0.4336   3.108389     0.4327   3.108531   4927.000  -47.01390  -47.06036  71.983919    34.6723    34.6751 0.0000e+00
     142912     0.4336   3.108413     0.4325   3.108550   4928.000  -47.01390  -47.06036  71.983931    34.6722    34.6751 0.0000e+00
     142935     0.4336   3.108426     0.4326   3.108586   4929.000  -47.01390  -47.06036  71.983942    34.6720    34.6750 0.0000e+00
     142961     0.4336   3.108462     0.4325   3.108610   4930.000  -47.01390  -47.06036  71.983954    34.6720    34.6750 0.0000e+00
     142999     0.4334   3.108482     0.4325   3.108627   4931.000  -47.01390  -47.06035  71.983973    34.6721    34.6749 0.0000e+00
     143052     0.4334   3.108518     0.4324   3.108661   4932.000  -47.01390  -47.06034  71.983998    34.6721    34.6750 0.0000e+00
     143086     0.4333   3.108545     0.4324   3.108696   4933.000  -47.01390  -47.06034  71.984015    34.6721    34.6750 0.0000e+00
     143108     0.4334   3.108582     0.4325   3.108738   4934.000  -47.01390 -9.990e-29  71.984025    34.6720    34.6749 0.0000e+00
