SBEDataProcessing_SAGA-CTD_example/tipo1/out1/st002.cnv
* Sea-Bird SBE 9 Data File:
* FileName = C:\Users\CTD01\Desktop\CTD_SAGA\ST002.hex
* Software Version Seasave V 7.26.7.121
* Temperature SN = 4669
* Conductivity SN = 3289
* Number of Bytes Per Scan = 37
* Number of Voltage Words = 4
* Number of Scans Averaged by the Deck Unit = 1
* NMEA Latitude = 46 30.40 S
* NMEA Longitude = 045 00.77 W
* NMEA UTC (Time) = Mar 13 2021 11:55:48
* NMEA baud rate = 9600
** Ship:Sarmiento de Gamboa
** Cruise:SAGA 10W
** Cast:  002
** Station:  002
** Depth:  5460
** Date:  13/03/2021
** Time:  11:55
# nquan = 12
# nvalues = 5343                        
# units = specified
# name 0 = scan: Scan Count
# name 1 = t090C: Temperature [ITS-90, deg C]
# name 2 = c0S/m: Conductivity [S/m]
# name 3 = t190C: Temperature, 2 [ITS-90, deg C]
# name 4 = c1S/m: Conductivity, 2 [S/m]
# name 5 = prDM: Pressure, Digiquartz [db]
# name 6 = latitude: Latitude [deg]
# name 7 = longitude: Longitude [deg]
# name 8 = timeJ: Julian Days
# name 9 = sal00: Salinity, Practical [PSU]
# name 10 = sal11: Salinity, Practical, 2 [PSU]
# name 11 = flag: flag
# span 0 =       1416,     153106       
# span 1 =     0.3163,    14.6477       
# span 2 =   3.093676,   4.204352       
# span 3 =     0.3152,    14.6465       
# span 4 =   3.093839,   4.204094       
# span 5 =      3.000,   5345.000       
# span 6 =  -46.50676,  -46.50666       
# span 7 =  -45.01296,  -45.01282       
# span 8 =  72.497766,  72.570919       
# span 9 =    34.1500,    34.8352       
# span 10 =    34.1539,    34.8377      
# span 11 = 0.0000e+00, 0.0000e+00      
# interval = decibars: 1                
# start_time = Mar 13 2021 11:55:48 [NMEA time, header]
# bad_flag = -9.990e-29
*END*
[from data line 843]
      27921     3.0387   3.149005     3.0373   3.149072    846.000  -46.50670  -45.01286  72.510548    34.2901    34.2923 0.0000e+00
      27938     3.0384   3.149045     3.0372   3.149116    847.000  -46.50672  -45.01286  72.510556    34.2902    34.2925 0.0000e+00
      27964     3.0385   3.149096     3.0372   3.149174    848.000  -46.50672  -45.01288  72.510568    34.2903    34.2926 0.0000e+00
      28015     3.0389   3.149161     3.0374   3.149228    849.000  -46.50672  -45.01288  72.510593    34.2901    34.2925 0.0000e+00
      28166     3.0415   3.149335     3.0401   3.149384    850.000  -46.50670  -45.01286  72.510666    34.2887    34.2907 0.0000e+00
      28177     3.0399   3.149340     3.0388   3.149422    851.000  -46.50668  -45.01284  72.510671    34.2901    34.2923 0.0000e+00
      28189     3.0383   3.149340     3.0370   3.149407    852.000  -46.50668  -45.01284  72.510677    34.2913    34.2935 0.0000e+00
      28201     3.0381   3.149381     3.0368   3.149439    853.000  -46.50668  -45.01284  72.510683    34.2914    34.2935 0.0000e+00
      28214     3.0382   3.149432     3.0369   3.149491    854.000  -46.50668  -45.01284  72.510689    34.2914    34.2934 0.0000e+00
      28226     3.0385   3.149519     3.0373   3.149582    855.000  -46.50668  -45.01284  72.510695    34.2915    34.2935 0.0000e+00
      28238     3.0396   3.149691     3.0384   3.149727    856.000  -46.50668  -45.01284  72.510701    34.2918    34.2934 0.0000e+00
      28251     3.0402   3.149801     3.0390   3.149866    857.000  -46.50668  -45.01284  72.510707    34.2924    34.2941 0.0000e+00
      28263     3.0325   3.149073     3.0318   3.149315    858.000  -46.50669  -45.01284  72.510713    34.2923    34.2962 0.0000e+00
      28276     3.0297   3.149040     3.0285   3.149104    859.000  -46.50670  -45.01284  72.510719    34.2930    34.2952 0.0000e+00
      28289     3.0302   3.149175     3.0290   3.149255    860.000  -46.50670  -45.01284  72.510725    34.2938    34.2959 0.0000e+00
      28303     3.0285   3.149128     3.0274   3.149230    861.000  -46.50670  -45.01284  72.510732    34.2946    34.2971 0.0000e+00
      28405     3.0321   3.149405     3.0298   3.149407    862.000  -46.50670  -45.01286  72.510781    34.2933    34.2958 0.0000e+00
      28496     3.0336   3.149551     3.0335   3.149679    863.000  -46.50670  -45.01284  72.510825    34.2929    34.2945 0.0000e+00
      28511     3.0301   3.149405     3.0297   3.149548    864.000 -9.990e-29  -45.01284  72.510832    34.2949    34.2970 0.0000e+00
      28525     3.0294   3.149409     3.0313   3.149664    865.000 -9.990e-29  -45.01283  72.510839    34.2951    34.2958 0.0000e+00
      28538     3.0231   3.149170     3.0224   3.149290    866.000 -9.990e-29  -45.01282  72.510845    34.2983    34.3008 0.0000e+00
      28550     3.0228   3.149216     3.0214   3.149292    867.000 -9.990e-29  -45.01282  72.510851    34.2986    34.3010 0.0000e+00
      28563     3.0219   3.149240     3.0206   3.149305    868.000 -9.990e-29  -45.01282  72.510857    34.2993    34.3015 0.0000e+00
      28575     3.0213   3.149314     3.0199   3.149364    869.000 -9.990e-29  -45.01282  72.510863    34.3000    34.3021 0.0000e+00
      28590     3.0219   3.149489     3.0206   3.149550    870.000 -9.990e-29  -45.01282  72.510870    34.3011    34.3032 0.0000e+00
      28607     3.0200   3.149357     3.0187   3.149470    871.000  -46.50668  -45.01284  72.510879    34.3015    34.3041 0.0000e+00
      28630     3.0108   3.148561     3.0098   3.148717    872.000  -46.50669  -45.01284  72.510890    34.3018    34.3047 0.0000e+00
      28660     3.0012   3.147854     3.0000   3.147969    873.000  -46.50670  -45.01284  72.510904    34.3023    34.3050 0.0000e+00
      28693     2.9966   3.147487     2.9954   3.147617    874.000  -46.50670  -45.01286  72.510920    34.3023    34.3051 0.0000e+00
      28796     3.0062   3.148276     3.0024   3.148191    875.000  -46.50670  -45.01286  72.510970    34.3006    34.3036 0.0000e+00
      28862     3.0034   3.148062     2.9977   3.147889    876.000  -46.50670  -45.01286  72.511002    34.3011    34.3048 0.0000e+00
      28880     2.9959   3.147612     2.9946   3.147690    877.000  -46.50670  -45.01286  72.511010    34.3023    34.3047 0.0000e+00
      28894     2.9941   3.147469     2.9930   3.147607    878.000  -46.50668  -45.01284  72.511017    34.3025    34.3053 0.0000e+00
      28907     2.9914   3.147560     2.9902   3.147626    879.000  -46.50668  -45.01284  72.511023    34.3052    34.3072 0.0000e+00
      28920     2.9919   3.147711     2.9908   3.147780    880.000  -46.50668  -45.01284  72.511030    34.3058    34.3079 0.0000e+00
      28932     2.9927   3.147797     2.9918   3.147902    881.000  -46.50668  -45.01284  72.511035    34.3058    34.3079 0.0000e+00
      28944     2.9921   3.147829     2.9911   3.147950    882.000  -46.50668  -45.01284  72.511041    34.3066    34.3091 0.0000e+00
      28957     2.9889   3.147678     2.9880   3.147814    883.000  -46.50668  -45.01285  72.511047    34.3077    34.3103 0.0000e+00
      28969     2.9881   3.147730     2.9869   3.147827    884.000  -46.50668  -45.01286  72.511053    34.3084    34.3108 0.0000e+00
      28982     2.9867   3.147715     2.9856   3.147819    885.000  -46.50669  -45.01286  72.511059    34.3093    34.3117 0.0000e+00
      29037     2.9874   3.147794     2.9858   3.147863    886.000  -46.50671  -45.01286  72.511086    34.3087    34.3114 0.0000e+00
      29112     2.9886   3.147887     2.9865   3.147941    887.000  -46.50672  -45.01288  72.511122    34.3081    34.3110 0.0000e+00
      29134     2.9864   3.147875     2.9849   3.147938    888.000  -46.50670  -45.01288  72.511133    34.3097    34.3120 0.0000e+00
      29159     2.9850   3.147898     2.9839   3.147972    889.000  -46.50670  -45.01288  72.511145    34.3108    34.3129 0.0000e+00
      29202     2.9852   3.148002     2.9838   3.148070    890.000  -46.50670  -45.01288  72.511166    34.3113    34.3136 0.0000e+00
      29237     2.9852   3.148080     2.9839   3.148164    891.000  -46.50670  -45.01288  72.511183    34.3117    34.3142 0.0000e+00
      29262     2.9852   3.148128     2.9839   3.148203    892.000  -46.50670  -45.01288  72.511195    34.3117    34.3141 0.0000e+00
      29282     2.9857   3.148263     2.9842   3.148303    893.000  -46.50670  -45.01288  72.511204    34.3121    34.3142 0.0000e+00
      29299     2.9863   3.148453     2.9849   3.148486    894.000  -46.50670  -45.01288  72.511212    34.3133    34.3150 0.0000e+00
      29314     2.9868   3.148642     2.9855   3.148683    895.000  -46.50670  -45.01288  72.511220    34.3146    34.3164 0.0000e+00
      29328     2.9867   3.148735     2.9855   3.148773    896.000  -46.50670  -45.01288  72.511226    34.3152    34.3170 0.0000e+00
      29342     2.9865   3.148792     2.9852   3.148844    897.000  -46.50670  -45.01289  72.511233    34.3158    34.3177 0.0000e+00
      29359     2.9860   3.148844     2.9846   3.148904    898.000  -46.50670  -45.01290  72.511241    34.3164    34.3186 0.0000e+00
      29404     2.9861   3.148855     2.9847   3.148929    899.000  -46.50672  -45.01290  72.511263    34.3159    34.3183 0.0000e+00
      29446     2.9849   3.148895     2.9837   3.148968    900.000  -46.50672  -45.01290  72.511283    34.3172    34.3194 0.0000e+00
      29516     2.9852   3.148936     2.9841   3.148970    901.000  -46.50672  -45.01290  72.511317    34.3169    34.3183 0.0000e+00
      29578     2.9850   3.148981     2.9836   3.149044    902.000  -46.50670  -45.01290  72.511347    34.3170    34.3193 0.0000e+00
      29593     2.9828   3.148849     2.9816   3.148960    903.000  -46.50670  -45.01290  72.511354    34.3177    34.3201 0.0000e+00
      29607     2.9798   3.148686     2.9786   3.148772    904.000  -46.50670  -45.01290  72.511361    34.3181    34.3206 0.0000e+00
      29619     2.9796   3.148807     2.9783   3.148867    905.000  -46.50670  -45.01290  72.511367    34.3190    34.3211 0.0000e+00
      29632     2.9795   3.148848     2.9782   3.148918    906.000  -46.50670  -45.01290  72.511373    34.3192    34.3214 0.0000e+00
      29644     2.9791   3.149029     2.9779   3.149052    907.000  -46.50670  -45.01290  72.511379    34.3210    34.3226 0.0000e+00
      29656     2.9765   3.148785     2.9757   3.149012    908.000  -46.50671  -45.01290  72.511385    34.3220    34.3250 0.0000e+00
      29669     2.9683   3.148200     2.9673   3.148372    909.000  -46.50672  -45.01290  72.511391    34.3223    34.3258 0.0000e+00
      29681     2.9673   3.148199     2.9662   3.148308    910.000  -46.50672  -45.01290  72.511397    34.3225    34.3250 0.0000e+00
      29697     2.9674   3.148268     2.9661   3.148358    911.000  -46.50672  -45.01290  72.511404    34.3226    34.3250 0.0000e+00
      29834     2.9773   3.148915     2.9754   3.148989    912.000  -46.50672  -45.01290  72.511471    34.3194    34.3224 0.0000e+00
      29871     2.9760   3.148984     2.9735   3.148995    913.000  -46.50672 -9.990e-29  72.511488    34.3207    34.3235 0.0000e+00
      29887     2.9736   3.149236     2.9723   3.149244    914.000  -46.50672 -9.990e-29  72.511496    34.3256    34.3270 0.0000e+00
      29902     2.9709   3.149064     2.9699   3.149205    915.000  -46.50672  -45.01290  72.511503    34.3268    34.3295 0.0000e+00
      29917     2.9694   3.149082     2.9681   3.149137    916.000  -46.50672  -45.01290  72.511511    34.3275    34.3295 0.0000e+00
      29932     2.9701   3.149263     2.9688   3.149309    917.000  -46.50672  -45.01290  72.511518    34.3284    34.3304 0.0000e+00
      29948     2.9700   3.149327     2.9688   3.149396    918.000  -46.50672  -45.01290  72.511525    34.3289    34.3310 0.0000e+00
      29966     2.9694   3.149348     2.9682   3.149427    919.000  -46.50672  -45.01290  72.511534    34.3292    34.3315 0.0000e+00
      29989     2.9689   3.149362     2.9676   3.149435    920.000  -46.50672  -45.01290  72.511545    34.3294    34.3317 0.0000e+00
      30021     2.9681   3.149356     2.9667   3.149426    921.000  -46.50672 -9.990e-29  72.511560    34.3296    34.3320 0.0000e+00
      30059     2.9677   3.149374     2.9663   3.149444    922.000  -46.50674 -9.990e-29  72.511579    34.3298    34.3320 0.0000e+00
      30105     2.9668   3.149357     2.9654   3.149427    923.000  -46.50674  -45.01292  72.511601    34.3300    34.3324 0.0000e+00
      30150     2.9648   3.149275     2.9635   3.149344    924.000  -46.50674  -45.01292  72.511623    34.3306    34.3328 0.0000e+00
      30178     2.9613   3.149045     2.9600   3.149148    925.000  -46.50672  -45.01292  72.511636    34.3315    34.3340 0.0000e+00
      30202     2.9575   3.148855     2.9562   3.148940    926.000  -46.50672  -45.01292  72.511648    34.3324    34.3347 0.0000e+00
      30232     2.9565   3.148865     2.9551   3.148939    927.000  -46.50672 -9.990e-29  72.511662    34.3329    34.3353 0.0000e+00
      30268     2.9563   3.148920     2.9549   3.148989    928.000  -46.50672 -9.990e-29  72.511680    34.3332    34.3355 0.0000e+00
      30295     2.9560   3.148979     2.9546   3.149049    929.000  -46.50672  -45.01290  72.511693    34.3337    34.3360 0.0000e+00
      30315     2.9550   3.149004     2.9539   3.149087    930.000  -46.50672  -45.01290  72.511702    34.3346    34.3368 0.0000e+00
      30332     2.9531   3.148937     2.9520   3.149039    931.000  -46.50672  -45.01290  72.511711    34.3354    34.3377 0.0000e+00
      30347     2.9516   3.148876     2.9503   3.148961    932.000  -46.50672  -45.01290  72.511718    34.3357    34.3382 0.0000e+00
      30362     2.9486   3.148649     2.9476   3.148779    933.000  -46.50672  -45.01290  72.511725    34.3360    34.3386 0.0000e+00
      30381     2.9455   3.148483     2.9443   3.148586    934.000  -46.50672  -45.01290  72.511734    34.3365    34.3390 0.0000e+00
      30412     2.9451   3.148490     2.9437   3.148577    935.000  -46.50672  -45.01290  72.511749    34.3364    34.3389 0.0000e+00
      30451     2.9451   3.148537     2.9437   3.148616    936.000  -46.50674  -45.01290  72.511768    34.3363    34.3387 0.0000e+00
      30492     2.9451   3.148599     2.9438   3.148676    937.000  -46.50674  -45.01290  72.511788    34.3365    34.3388 0.0000e+00
      30540     2.9444   3.148620     2.9431   3.148705    938.000  -46.50674  -45.01290  72.511811    34.3370    34.3394 0.0000e+00
      30579     2.9413   3.148474     2.9401   3.148552    939.000  -46.50674  -45.01290  72.511830    34.3380    34.3403 0.0000e+00
      30611     2.9401   3.148510     2.9388   3.148582    940.000  -46.50674  -45.01290  72.511845    34.3391    34.3414 0.0000e+00
      30636     2.9399   3.148575     2.9386   3.148642    941.000  -46.50673  -45.01290  72.511857    34.3395    34.3417 0.0000e+00
      30655     2.9414   3.148981     2.9399   3.148957    942.000  -46.50672  -45.01290  72.511866    34.3414    34.3428 0.0000e+00
      30673     2.9452   3.149442     2.9439   3.149476    943.000  -46.50672  -45.01288  72.511875    34.3431    34.3449 0.0000e+00
      30690     2.9451   3.149525     2.9438   3.149563    944.000  -46.50672  -45.01288  72.511883    34.3437    34.3456 0.0000e+00
      30708     2.9451   3.149616     2.9438   3.149680    945.000  -46.50672  -45.01288  72.511892    34.3446    34.3465 0.0000e+00
      30730     2.9428   3.149525     2.9415   3.149593    946.000  -46.50672  -45.01288  72.511902    34.3454    34.3475 0.0000e+00
      30756     2.9415   3.149487     2.9402   3.149560    947.000  -46.50672  -45.01288  72.511915    34.3457    34.3480 0.0000e+00
      30791     2.9412   3.149513     2.9398   3.149581    948.000  -46.50672  -45.01288  72.511932    34.3458    34.3481 0.0000e+00
      30834     2.9403   3.149514     2.9390   3.149588    949.000  -46.50673  -45.01288  72.511953    34.3463    34.3486 0.0000e+00
      30869     2.9393   3.149508     2.9379   3.149583    950.000  -46.50674  -45.01288  72.511969    34.3468    34.3491 0.0000e+00
      30897     2.9389   3.149533     2.9375   3.149601    951.000  -46.50674  -45.01288  72.511983    34.3470    34.3492 0.0000e+00
      30922     2.9384   3.149585     2.9371   3.149646    952.000  -46.50674  -45.01288  72.511995    34.3475    34.3496 0.0000e+00
      30946     2.9384   3.149637     2.9370   3.149699    953.000  -46.50673  -45.01288  72.512007    34.3477    34.3499 0.0000e+00
      30971     2.9385   3.149692     2.9371   3.149752    954.000  -46.50672  -45.01288  72.512019    34.3477    34.3499 0.0000e+00
      31000     2.9385   3.149758     2.9370   3.149811    955.000  -46.50672  -45.01288  72.512032    34.3480    34.3501 0.0000e+00
      31030     2.9382   3.149816     2.9369   3.149882    956.000  -46.50672  -45.01288  72.512047    34.3484    34.3506 0.0000e+00
      31059     2.9377   3.149884     2.9364   3.149947    957.000  -46.50672  -45.01286  72.512061    34.3493    34.3514 0.0000e+00
      31094     2.9373   3.149915     2.9360   3.149982    958.000  -46.50672  -45.01287  72.512078    34.3496    34.3518 0.0000e+00
      31141     2.9373   3.149967     2.9360   3.150028    959.000  -46.50672  -45.01288  72.512100    34.3496    34.3518 0.0000e+00
      31166     2.9375   3.150046     2.9362   3.150112    960.000  -46.50672  -45.01288  72.512113    34.3499    34.3520 0.0000e+00
      31183     2.9373   3.150134     2.9361   3.150190    961.000  -46.50672  -45.01288  72.512121    34.3505    34.3526 0.0000e+00
      31197     2.9373   3.150210     2.9359   3.150264    962.000  -46.50672  -45.01288  72.512128    34.3510    34.3531 0.0000e+00
      31211     2.9374   3.150332     2.9362   3.150372    963.000  -46.50672  -45.01288  72.512134    34.3517    34.3535 0.0000e+00
      31225     2.9374   3.150428     2.9362   3.150479    964.000  -46.50672  -45.01286  72.512141    34.3524    34.3544 0.0000e+00
