SBEDataProcessing_SAGA-CTD_example/tipo1/out1/st001.cnv
* Sea-Bird SBE 9 Data File:
* FileName = C:\Users\CTD01\Desktop\CTD_SAGA\ST001.hex
* Software Version Seasave V 7.26.7.121
* Temperature SN = 4669
* Conductivity SN = 3289
* Number of Bytes Per Scan = 37
* Number of Voltage Words = 4
* Number of Scans Averaged by the Deck Unit = 1
* NMEA Latitude = 47 00.83 S
* NMEA Longitude = 047 03.62 W
* NMEA UTC (Time) = Mar 12 2021 21:57:37
* NMEA baud rate = 9600
** Ship:Sarmiento de Gamboa
** Cruise:SAGA 10W
** Cast:  001
** Station:  001
** Depth:  5920
** Date:  12/03/2021
** Time:  21:57
# nquan = 12
# nvalues = 5371                        
# units = specified
# name 0 = scan: Scan Count
# name 1 = t090C: Temperature [ITS-90, deg C]
# name 2 = c0S/m: Conductivity [S/m]
# name 3 = t190C: Temperature, 2 [ITS-90, deg C]
# name 4 = c1S/m: Conductivity, 2 [S/m]
# name 5 = prDM: Pressure, Digiquartz [db]
# name 6 = latitude: Latitude [deg]
# name 7 = longitude: Longitude [deg]
# name 8 = timeJ: Julian Days
# name 9 = sal00: Salinity, Practical [PSU]
# name 10 = sal11: Salinity, Practical, 2 [PSU]
# name 11 = flag: flag
# span 0 =       3226,     159170       
# span 1 =     0.3771,    14.3058       
# span 2 =   3.107493,   4.185994       
# span 3 =     0.3763,    14.3036       
# span 4 =   3.107651,   4.185685       
# span 5 =      3.000,   5373.000       
# span 6 =  -47.01392,  -47.01386       
# span 7 =  -47.06044,  -47.06028       
# span 8 =  71.916567,  71.991772       
# span 9 =    34.1538,    35.0392       
# span 10 =    34.1573,    35.0457      
# span 11 = 0.0000e+00, 0.0000e+00      
# interval = decibars: 1                
# start_time = Mar 12 2021 21:57:37 [NMEA time, header]
# bad_flag = -9.990e-29
*END*
[from data line 4211]
     123282     0.8892   3.125936     0.8880   3.126078   4214.000  -47.01390  -47.06032  71.974464    34.6977    34.7008 0.0000e+00
     123300     0.8880   3.125849     0.8867   3.126011   4215.000  -47.01390  -47.06032  71.974473    34.6976    34.7010 0.0000e+00
     123318     0.8877   3.125862     0.8863   3.126008   4216.000  -47.01390  -47.06032  71.974482    34.6975    34.7008 0.0000e+00
     123341     0.8874   3.125865     0.8861   3.126012   4217.000  -47.01390  -47.06032  71.974493    34.6974    34.7007 0.0000e+00
     123375     0.8871   3.125869     0.8858   3.126011   4218.000  -47.01390  -47.06032  71.974509    34.6974    34.7006 0.0000e+00
     123441     0.8872   3.125890     0.8855   3.126015   4219.000  -47.01390  -47.06032  71.974541    34.6972    34.7004 0.0000e+00
     123471     0.8854   3.125781     0.8841   3.125931   4220.000  -47.01390  -47.06032  71.974555    34.6973    34.7005 0.0000e+00
     123491     0.8849   3.125782     0.8835   3.125913   4221.000  -47.01390  -47.06032  71.974565    34.6973    34.7005 0.0000e+00
     123509     0.8847   3.125800     0.8833   3.125946   4222.000  -47.01390  -47.06032  71.974573    34.6974    34.7006 0.0000e+00
     123525     0.8845   3.125814     0.8831   3.125965   4223.000  -47.01390  -47.06032  71.974581    34.6973    34.7006 0.0000e+00
     123541     0.8843   3.125836     0.8831   3.125986   4224.000  -47.01392  -47.06032  71.974589    34.6974    34.7006 0.0000e+00
     123558     0.8837   3.125810     0.8825   3.125954   4225.000  -47.01392  -47.06032  71.974597    34.6973    34.7004 0.0000e+00
     123577     0.8830   3.125769     0.8818   3.125922   4226.000  -47.01392  -47.06032  71.974606    34.6972    34.7004 0.0000e+00
     123624     0.8828   3.125788     0.8813   3.125916   4227.000  -47.01391  -47.06032  71.974629    34.6970    34.7003 0.0000e+00
     123686     0.8826   3.125789     0.8812   3.125929   4228.000  -47.01390 -9.990e-29  71.974659    34.6971    34.7003 0.0000e+00
     123710     0.8807   3.125650     0.8792   3.125800   4229.000  -47.01390  -47.06034  71.974671    34.6970    34.7003 0.0000e+00
     123738     0.8772   3.125365     0.8761   3.125545   4230.000  -47.01390  -47.06034  71.974684    34.6969    34.7003 0.0000e+00
     123766     0.8752   3.125236     0.8738   3.125375   4231.000  -47.01390  -47.06034  71.974698    34.6968    34.7000 0.0000e+00
     123789     0.8740   3.125149     0.8728   3.125317   4232.000  -47.01390  -47.06034  71.974709    34.6967    34.7002 0.0000e+00
     123808     0.8723   3.125017     0.8710   3.125198   4233.000  -47.01392  -47.06034  71.974718    34.6967    34.7002 0.0000e+00
     123826     0.8700   3.124875     0.8687   3.125036   4234.000  -47.01392  -47.06034  71.974726    34.6967    34.7001 0.0000e+00
     123843     0.8698   3.124892     0.8686   3.125054   4235.000  -47.01392  -47.06034  71.974735    34.6966    34.6999 0.0000e+00
     123862     0.8694   3.124873     0.8680   3.125033   4236.000  -47.01392  -47.06034  71.974744    34.6965    34.6999 0.0000e+00
     123882     0.8686   3.124844     0.8673   3.125001   4237.000  -47.01392  -47.06034  71.974754    34.6966    34.6999 0.0000e+00
     123909     0.8674   3.124768     0.8660   3.124918   4238.000  -47.01392  -47.06034  71.974767    34.6964    34.6998 0.0000e+00
     124015     0.8695   3.124976     0.8683   3.125132   4239.000  -47.01390  -47.06036  71.974818    34.6963    34.6995 0.0000e+00
     124043     0.8653   3.124643     0.8641   3.124815   4240.000  -47.01390  -47.06036  71.974831    34.6964    34.6999 0.0000e+00
     124058     0.8639   3.124540     0.8627   3.124728   4241.000  -47.01390  -47.06036  71.974838    34.6963    34.6999 0.0000e+00
     124071     0.8615   3.124356     0.8604   3.124552   4242.000  -47.01390  -47.06036  71.974845    34.6962    34.6999 0.0000e+00
     124084     0.8593   3.124201     0.8583   3.124383   4243.000  -47.01390  -47.06036  71.974851    34.6962    34.6996 0.0000e+00
     124096     0.8577   3.124082     0.8564   3.124269   4244.000  -47.01390  -47.06036  71.974857    34.6960    34.6997 0.0000e+00
     124110     0.8571   3.124079     0.8558   3.124232   4245.000  -47.01390  -47.06036  71.974864    34.6960    34.6993 0.0000e+00
     124128     0.8571   3.124110     0.8557   3.124253   4246.000  -47.01390  -47.06036  71.974872    34.6959    34.6992 0.0000e+00
     124169     0.8581   3.124219     0.8566   3.124353   4247.000  -47.01390  -47.06038  71.974892    34.6958    34.6990 0.0000e+00
     124223     0.8570   3.124126     0.8548   3.124225   4248.000  -47.01390  -47.06036  71.974918    34.6956    34.6992 0.0000e+00
     124249     0.8542   3.123936     0.8528   3.124097   4249.000  -47.01390  -47.06036  71.974931    34.6956    34.6990 0.0000e+00
     124274     0.8531   3.123875     0.8517   3.124025   4250.000  -47.01390  -47.06036  71.974943    34.6955    34.6989 0.0000e+00
     124300     0.8528   3.123879     0.8514   3.124023   4251.000  -47.01390  -47.06037  71.974955    34.6954    34.6987 0.0000e+00
     124328     0.8517   3.123799     0.8503   3.123954   4252.000  -47.01390  -47.06038  71.974969    34.6954    34.6987 0.0000e+00
     124362     0.8498   3.123661     0.8485   3.123822   4253.000  -47.01390  -47.06038  71.974985    34.6952    34.6987 0.0000e+00
     124396     0.8473   3.123477     0.8459   3.123637   4254.000  -47.01390  -47.06038  71.975001    34.6951    34.6986 0.0000e+00
     124419     0.8467   3.123456     0.8454   3.123617   4255.000  -47.01390  -47.06038  71.975012    34.6952    34.6985 0.0000e+00
     124437     0.8452   3.123365     0.8438   3.123524   4256.000  -47.01390  -47.06038  71.975021    34.6952    34.6986 0.0000e+00
     124454     0.8448   3.123363     0.8434   3.123516   4257.000  -47.01390  -47.06036  71.975029    34.6952    34.6984 0.0000e+00
     124470     0.8444   3.123375     0.8430   3.123506   4258.000  -47.01390  -47.06036  71.975037    34.6952    34.6983 0.0000e+00
     124487     0.8441   3.123361     0.8428   3.123524   4259.000  -47.01390  -47.06036  71.975045    34.6950    34.6984 0.0000e+00
     124517     0.8437   3.123365     0.8424   3.123509   4260.000  -47.01390  -47.06036  71.975060    34.6949    34.6981 0.0000e+00
     124618     0.8453   3.123523     0.8447   3.123743   4261.000  -47.01390  -47.06038  71.975109    34.6948    34.6981 0.0000e+00
     124634     0.8435   3.123426     0.8424   3.123581   4262.000  -47.01390  -47.06038  71.975116    34.6949    34.6982 0.0000e+00
     124650     0.8436   3.123461     0.8423   3.123594   4263.000  -47.01390  -47.06038  71.975124    34.6950    34.6980 0.0000e+00
     124666     0.8429   3.123443     0.8415   3.123571   4264.000  -47.01390  -47.06038  71.975132    34.6950    34.6981 0.0000e+00
     124681     0.8429   3.123475     0.8416   3.123624   4265.000  -47.01390  -47.06038  71.975139    34.6950    34.6981 0.0000e+00
     124698     0.8428   3.123502     0.8416   3.123639   4266.000  -47.01390  -47.06036  71.975147    34.6949    34.6980 0.0000e+00
     124716     0.8428   3.123515     0.8415   3.123657   4267.000  -47.01390  -47.06036  71.975156    34.6948    34.6979 0.0000e+00
     124738     0.8419   3.123470     0.8406   3.123616   4268.000  -47.01390  -47.06036  71.975166    34.6948    34.6979 0.0000e+00
     124771     0.8410   3.123416     0.8396   3.123566   4269.000  -47.01390  -47.06036  71.975182    34.6946    34.6980 0.0000e+00
     124825     0.8398   3.123325     0.8384   3.123465   4270.000  -47.01390  -47.06036  71.975208    34.6944    34.6977 0.0000e+00
     124865     0.8385   3.123222     0.8372   3.123384   4271.000  -47.01390  -47.06036  71.975228    34.6942    34.6975 0.0000e+00
     124893     0.8374   3.123165     0.8361   3.123315   4272.000  -47.01390  -47.06036  71.975241    34.6941    34.6974 0.0000e+00
     124916     0.8356   3.123020     0.8343   3.123193   4273.000  -47.01390  -47.06036  71.975252    34.6941    34.6976 0.0000e+00
     124936     0.8338   3.122915     0.8325   3.123076   4274.000  -47.01390  -47.06036  71.975262    34.6942    34.6976 0.0000e+00
     124953     0.8324   3.122828     0.8312   3.122994   4275.000  -47.01390  -47.06036  71.975270    34.6942    34.6975 0.0000e+00
     124971     0.8319   3.122821     0.8306   3.122977   4276.000  -47.01390  -47.06036  71.975279    34.6941    34.6975 0.0000e+00
     124989     0.8305   3.122697     0.8297   3.122911   4277.000  -47.01390  -47.06036  71.975288    34.6939    34.6974 0.0000e+00
     125014     0.8266   3.122377     0.8254   3.122554   4278.000  -47.01390  -47.06036  71.975300    34.6937    34.6973 0.0000e+00
     125076     0.8288   3.122634     0.8274   3.122764   4279.000  -47.01390  -47.06035  71.975329    34.6938    34.6970 0.0000e+00
     125121     0.8252   3.122319     0.8236   3.122479   4280.000  -47.01390  -47.06034  71.975351    34.6938    34.6974 0.0000e+00
     125139     0.8243   3.122296     0.8230   3.122450   4281.000  -47.01390  -47.06034  71.975360    34.6938    34.6970 0.0000e+00
     125154     0.8227   3.122178     0.8216   3.122364   4282.000  -47.01390  -47.06034  71.975367    34.6935    34.6971 0.0000e+00
     125169     0.8221   3.122159     0.8208   3.122308   4283.000  -47.01390  -47.06034  71.975374    34.6936    34.6968 0.0000e+00
     125184     0.8206   3.122036     0.8193   3.122195   4284.000  -47.01390  -47.06034  71.975381    34.6933    34.6966 0.0000e+00
     125202     0.8200   3.122023     0.8188   3.122189   4285.000  -47.01390  -47.06034  71.975390    34.6931    34.6965 0.0000e+00
     125266     0.8222   3.122260     0.8208   3.122392   4286.000  -47.01390  -47.06034  71.975421    34.6933    34.6964 0.0000e+00
     125310     0.8197   3.122049     0.8184   3.122212   4287.000  -47.01390  -47.06034  71.975442    34.6932    34.6965 0.0000e+00
     125328     0.8179   3.121941     0.8167   3.122098   4288.000  -47.01390  -47.06034  71.975451    34.6932    34.6965 0.0000e+00
     125344     0.8169   3.121881     0.8156   3.122025   4289.000  -47.01390  -47.06034  71.975459    34.6931    34.6962 0.0000e+00
     125361     0.8165   3.121884     0.8153   3.122033   4290.000  -47.01390  -47.06034  71.975467    34.6931    34.6962 0.0000e+00
     125379     0.8160   3.121862     0.8148   3.122019   4291.000  -47.01390  -47.06034  71.975476    34.6929    34.6962 0.0000e+00
     125402     0.8151   3.121805     0.8137   3.121963   4292.000  -47.01390  -47.06034  71.975487    34.6927    34.6962 0.0000e+00
     125443     0.8147   3.121809     0.8134   3.121955   4293.000  -47.01390  -47.06034  71.975506    34.6927    34.6959 0.0000e+00
     125479     0.8134   3.121722     0.8122   3.121885   4294.000  -47.01390  -47.06034  71.975524    34.6927    34.6960 0.0000e+00
     125501     0.8127   3.121710     0.8114   3.121855   4295.000  -47.01390  -47.06034  71.975534    34.6928    34.6960 0.0000e+00
     125521     0.8126   3.121722     0.8115   3.121886   4296.000  -47.01390  -47.06034  71.975544    34.6926    34.6959 0.0000e+00
     125542     0.8091   3.121417     0.8080   3.121613   4297.000  -47.01390  -47.06034  71.975554    34.6925    34.6962 0.0000e+00
     125569     0.8073   3.121307     0.8059   3.121461   4298.000  -47.01390  -47.06034  71.975567    34.6924    34.6958 0.0000e+00
     125622     0.8068   3.121294     0.8054   3.121445   4299.000  -47.01390  -47.06034  71.975593    34.6923    34.6956 0.0000e+00
     125667     0.8063   3.121303     0.8050   3.121454   4300.000  -47.01390  -47.06034  71.975614    34.6924    34.6957 0.0000e+00
     125688     0.8061   3.121324     0.8047   3.121469   4301.000  -47.01390  -47.06034  71.975625    34.6924    34.6957 0.0000e+00
     125706     0.8059   3.121344     0.8046   3.121501   4302.000  -47.01390  -47.06034  71.975633    34.6925    34.6957 0.0000e+00
     125722     0.8060   3.121389     0.8046   3.121534   4303.000  -47.01390  -47.06034  71.975641    34.6926    34.6958 0.0000e+00
     125738     0.8061   3.121425     0.8047   3.121564   4304.000  -47.01390  -47.06034  71.975649    34.6924    34.6956 0.0000e+00
     125754     0.8058   3.121440     0.8045   3.121581   4305.000  -47.01390  -47.06034  71.975656    34.6925    34.6956 0.0000e+00
     125774     0.8057   3.121460     0.8044   3.121606   4306.000  -47.01390  -47.06034  71.975666    34.6925    34.6956 0.0000e+00
     125799     0.8056   3.121477     0.8042   3.121619   4307.000  -47.01390  -47.06034  71.975678    34.6924    34.6956 0.0000e+00
     125846     0.8058   3.121521     0.8043   3.121659   4308.000  -47.01389  -47.06034  71.975701    34.6923    34.6955 0.0000e+00
     125936     0.8062   3.121590     0.8051   3.121759   4309.000  -47.01390  -47.06034  71.975744    34.6924    34.6956 0.0000e+00
     125950     0.8046   3.121500     0.8034   3.121656   4310.000  -47.01390  -47.06034  71.975751    34.6924    34.6957 0.0000e+00
     125964     0.8040   3.121488     0.8028   3.121631   4311.000  -47.01390  -47.06034  71.975758    34.6925    34.6956 0.0000e+00
     125976     0.8037   3.121496     0.8025   3.121633   4312.000  -47.01390  -47.06034  71.975763    34.6925    34.6955 0.0000e+00
     125989     0.8034   3.121486     0.8021   3.121635   4313.000  -47.01390  -47.06034  71.975770    34.6924    34.6956 0.0000e+00
     126002     0.8020   3.121386     0.8008   3.121548   4314.000  -47.01390  -47.06034  71.975776    34.6923    34.6956 0.0000e+00
     126018     0.8008   3.121313     0.7996   3.121475   4315.000  -47.01390  -47.06034  71.975784    34.6922    34.6955 0.0000e+00
     126042     0.7987   3.121154     0.7976   3.121321   4316.000  -47.01390  -47.06034  71.975795    34.6921    34.6953 0.0000e+00
     126120     0.8022   3.121477     0.8027   3.121792   4317.000  -47.01390  -47.06034  71.975833    34.6921    34.6952 0.0000e+00
     126155     0.7954   3.120903     0.7951   3.121158   4318.000  -47.01390  -47.06034  71.975850    34.6919    34.6956 0.0000e+00
     126178     0.7929   3.120722     0.7918   3.120899   4319.000  -47.01390  -47.06034  71.975861    34.6917    34.6952 0.0000e+00
     126198     0.7917   3.120651     0.7905   3.120817   4320.000  -47.01390  -47.06034  71.975870    34.6917    34.6951 0.0000e+00
     126217     0.7912   3.120639     0.7898   3.120783   4321.000  -47.01390  -47.06034  71.975879    34.6917    34.6949 0.0000e+00
     126234     0.7907   3.120632     0.7895   3.120793   4322.000  -47.01390  -47.06034  71.975888    34.6916    34.6950 0.0000e+00
     126253     0.7898   3.120576     0.7888   3.120752   4323.000  -47.01390  -47.06034  71.975897    34.6915    34.6948 0.0000e+00
     126275     0.7889   3.120532     0.7878   3.120699   4324.000  -47.01390  -47.06034  71.975907    34.6914    34.6947 0.0000e+00
     126301     0.7882   3.120483     0.7868   3.120637   4325.000  -47.01391  -47.06034  71.975920    34.6914    34.6947 0.0000e+00
     126329     0.7839   3.120140     0.7829   3.120325   4326.000  -47.01392  -47.06034  71.975934    34.6914    34.6948 0.0000e+00
     126355     0.7821   3.120019     0.7808   3.120175   4327.000  -47.01392  -47.06034  71.975946    34.6913    34.6946 0.0000e+00
     126424     0.7825   3.120109     0.7814   3.120271   4328.000  -47.01390  -47.06034  71.975980    34.6912    34.6945 0.0000e+00
     126492     0.7838   3.120245     0.7822   3.120361   4329.000  -47.01391  -47.06034  71.976012    34.6913    34.6945 0.0000e+00
     126506     0.7819   3.120116     0.7805   3.120265   4330.000  -47.01392  -47.06034  71.976019    34.6912    34.6945 0.0000e+00
     126519     0.7819   3.120165     0.7806   3.120287   4331.000  -47.01392  -47.06034  71.976025    34.6913    34.6942 0.0000e+00
     126532     0.7819   3.120195     0.7807   3.120324   4332.000  -47.01392  -47.06034  71.976032    34.6912    34.6942 0.0000e+00
