SBEDataProcessing_SAGA-CTD_example/tipo1/out1/st001.cnv
* Sea-Bird SBE 9 Data File:
* FileName = C:\Users\CTD01\Desktop\CTD_SAGA\ST001.hex
* Software Version Seasave V 7.26.7.121
* Temperature SN = 4669
* Conductivity SN = 3289
* Number of Bytes Per Scan = 37
* Number of Voltage Words = 4
* Number of Scans Averaged by the Deck Unit = 1
* NMEA Latitude = 47 00.83 S
* NMEA Longitude = 047 03.62 W
* NMEA UTC (Time) = Mar 12 2021 21:57:37
* NMEA baud rate = 9600
** Ship:Sarmiento de Gamboa
** Cruise:SAGA 10W
** Cast:  001
** Station:  001
** Depth:  5920
** Date:  12/03/2021
** Time:  21:57
# nquan = 12
# nvalues = 5371                        
# units = specified
# name 0 = scan: Scan Count
# name 1 = t090C: Temperature [ITS-90, deg C]
# name 2 = c0S/m: Conductivity [S/m]
# name 3 = t190C: Temperature, 2 [ITS-90, deg C]
# name 4 = c1S/m: Conductivity, 2 [S/m]
# name 5 = prDM: Pressure, Digiquartz [db]
# name 6 = latitude: Latitude [deg]
# name 7 = longitude: Longitude [deg]
# name 8 = timeJ: Julian Days
# name 9 = sal00: Salinity, Practical [PSU]
# name 10 = sal11: Salinity, Practical, 2 [PSU]
# name 11 = flag: flag
# span 0 =       3226,     159170       
# span 1 =     0.3771,    14.3058       
# span 2 =   3.107493,   4.185994       
# span 3 =     0.3763,    14.3036       
# span 4 =   3.107651,   4.185685       
# span 5 =      3.000,   5373.000       
# span 6 =  -47.01392,  -47.01386       
# span 7 =  -47.06044,  -47.06028       
# span 8 =  71.916567,  71.991772       
# span 9 =    34.1538,    35.0392       
# span 10 =    34.1573,    35.0457      
# span 11 = 0.0000e+00, 0.0000e+00      
# interval = decibars: 1                
# start_time = Mar 12 2021 21:57:37 [NMEA time, header]
# bad_flag = -9.990e-29
*END*
[from data line 602]
      23057     3.9685   3.208654     3.9670   3.208815    605.000  -47.01391  -47.06036  71.926130    34.1566    34.1602 0.0000e+00
      23079     3.9661   3.208485     3.9646   3.208638    606.000  -47.01390  -47.06036  71.926141    34.1566    34.1601 0.0000e+00
      23102     3.9614   3.208026     3.9598   3.208195    607.000  -47.01390  -47.06036  71.926152    34.1559    34.1596 0.0000e+00
      23126     3.9550   3.207533     3.9539   3.207727    608.000  -47.01391  -47.06036  71.926164    34.1562    34.1597 0.0000e+00
      23149     3.9508   3.207274     3.9494   3.207426    609.000  -47.01392  -47.06036  71.926175    34.1566    34.1600 0.0000e+00
      23169     3.9501   3.207272     3.9485   3.207398    610.000  -47.01392  -47.06036  71.926184    34.1567    34.1599 0.0000e+00
      23189     3.9490   3.207240     3.9474   3.207363    611.000  -47.01392  -47.06036  71.926194    34.1570    34.1601 0.0000e+00
      23212     3.9469   3.207102     3.9455   3.207253    612.000  -47.01392  -47.06036  71.926205    34.1570    34.1603 0.0000e+00
      23244     3.9453   3.207051     3.9439   3.207177    613.000  -47.01391  -47.06036  71.926220    34.1572    34.1603 0.0000e+00
      23318     3.9473   3.207278     3.9459   3.207406    614.000  -47.01390  -47.06036  71.926256    34.1572    34.1602 0.0000e+00
      23343     3.9466   3.207333     3.9450   3.207432    615.000  -47.01390  -47.06036  71.926268    34.1579    34.1608 0.0000e+00
      23363     3.9407   3.206720     3.9392   3.206912    616.000  -47.01390  -47.06036  71.926278    34.1574    34.1612 0.0000e+00
      23384     3.9326   3.206056     3.9311   3.206228    617.000  -47.01390  -47.06036  71.926288    34.1571    34.1607 0.0000e+00
      23409     3.9299   3.205894     3.9283   3.206016    618.000  -47.01390  -47.06036  71.926300    34.1571    34.1603 0.0000e+00
      23434     3.9274   3.205741     3.9259   3.205871    619.000  -47.01390  -47.06036  71.926312    34.1573    34.1604 0.0000e+00
      23456     3.9267   3.205746     3.9251   3.205864    620.000  -47.01390  -47.06036  71.926323    34.1575    34.1606 0.0000e+00
      23475     3.9263   3.205765     3.9247   3.205882    621.000  -47.01390  -47.06036  71.926332    34.1576    34.1605 0.0000e+00
      23499     3.9214   3.205379     3.9198   3.205489    622.000  -47.01390  -47.06036  71.926344    34.1578    34.1609 0.0000e+00
      23550     3.9221   3.205517     3.9178   3.205384    623.000  -47.01390  -47.06036  71.926368    34.1577    34.1606 0.0000e+00
      23585     3.9220   3.205659     3.9210   3.205795    624.000  -47.01390  -47.06036  71.926385    34.1588    34.1613 0.0000e+00
      23606     3.9312   3.206839     3.9291   3.206728    625.000  -47.01390  -47.06036  71.926395    34.1607    34.1617 0.0000e+00
      23627     3.9436   3.208086     3.9422   3.208117    626.000  -47.01390  -47.06036  71.926405    34.1631    34.1648 0.0000e+00
      23661     3.9450   3.208246     3.9437   3.208334    627.000  -47.01390  -47.06036  71.926422    34.1635    34.1659 0.0000e+00
      23704     3.9464   3.208451     3.9447   3.208512    628.000  -47.01390  -47.06036  71.926442    34.1639    34.1663 0.0000e+00
      23728     3.9483   3.208660     3.9459   3.208669    629.000  -47.01390  -47.06036  71.926454    34.1643    34.1667 0.0000e+00
      23745     3.9421   3.208132     3.9403   3.208222    630.000  -47.01390  -47.06036  71.926462    34.1642    34.1672 0.0000e+00
      23761     3.9453   3.208756     3.9438   3.208709    631.000  -47.01390  -47.06036  71.926470    34.1659    34.1671 0.0000e+00
      23779     3.9512   3.209344     3.9501   3.209417    632.000  -47.01390  -47.06036  71.926479    34.1672    34.1691 0.0000e+00
      23807     3.9499   3.209240     3.9484   3.209314    633.000  -47.01390  -47.06036  71.926492    34.1673    34.1697 0.0000e+00
      23854     3.9449   3.208767     3.9436   3.208886    634.000  -47.01389  -47.06036  71.926515    34.1670    34.1697 0.0000e+00
      23899     3.9330   3.207665     3.9320   3.207829    635.000  -47.01388  -47.06036  71.926536    34.1660    34.1689 0.0000e+00
      23940     3.9132   3.205792     3.9132   3.206105    636.000  -47.01388  -47.06036  71.926556    34.1652    34.1689 0.0000e+00
      23964     3.9056   3.205213     3.9042   3.205387    637.000  -47.01388  -47.06036  71.926568    34.1651    34.1684 0.0000e+00
      23980     3.8979   3.204530     3.8966   3.204737    638.000  -47.01388  -47.06036  71.926576    34.1648    34.1688 0.0000e+00
      23994     3.8957   3.204420     3.8945   3.204621    639.000  -47.01388  -47.06035  71.926582    34.1651    34.1686 0.0000e+00
      24007     3.8944   3.204535     3.8928   3.204555    640.000  -47.01388  -47.06034  71.926589    34.1657    34.1680 0.0000e+00
      24021     3.8972   3.204849     3.8957   3.204965    641.000  -47.01388  -47.06034  71.926595    34.1669    34.1697 0.0000e+00
      24040     3.8951   3.204737     3.8939   3.204883    642.000  -47.01388  -47.06034  71.926604    34.1673    34.1703 0.0000e+00
      24155     3.9061   3.205567     3.9074   3.205938    643.000  -47.01388  -47.06036  71.926660    34.1650    34.1681 0.0000e+00
      24179     3.8936   3.204622     3.8954   3.205037    644.000  -47.01388  -47.06034  71.926672    34.1670    34.1700 0.0000e+00
      24196     3.8860   3.204037     3.8855   3.204321    645.000  -47.01388  -47.06034  71.926680    34.1674    34.1713 0.0000e+00
      24209     3.8818   3.203837     3.8802   3.203935    646.000  -47.01388  -47.06034  71.926686    34.1680    34.1711 0.0000e+00
      24222     3.8836   3.204127     3.8818   3.204143    647.000  -47.01388  -47.06034  71.926692    34.1685    34.1709 0.0000e+00
      24235     3.8879   3.204644     3.8862   3.204639    648.000  -47.01388  -47.06034  71.926698    34.1694    34.1711 0.0000e+00
      24248     3.8918   3.205101     3.8902   3.205120    649.000  -47.01388  -47.06034  71.926705    34.1705    34.1723 0.0000e+00
      24267     3.8951   3.205503     3.8935   3.205557    650.000  -47.01388  -47.06034  71.926714    34.1710    34.1734 0.0000e+00
      24313     3.8959   3.205559     3.8938   3.205631    651.000  -47.01388  -47.06034  71.926736    34.1708    34.1739 0.0000e+00
      24364     3.8956   3.205737     3.8936   3.205766    652.000  -47.01388  -47.06034  71.926761    34.1724    34.1747 0.0000e+00
      24402     3.9090   3.207309     3.9066   3.207282    653.000  -47.01388  -47.06034  71.926779    34.1756    34.1777 0.0000e+00
      24442     3.9181   3.208297     3.9161   3.208323    654.000  -47.01388  -47.06034  71.926798    34.1778    34.1801 0.0000e+00
      24468     3.9111   3.207613     3.9101   3.207798    655.000  -47.01388  -47.06034  71.926811    34.1778    34.1810 0.0000e+00
      24489     3.9036   3.206947     3.9025   3.207143    656.000  -47.01388  -47.06034  71.926821    34.1774    34.1807 0.0000e+00
      24506     3.8957   3.206266     3.8944   3.206441    657.000  -47.01388  -47.06034  71.926829    34.1770    34.1805 0.0000e+00
      24523     3.8878   3.205510     3.8868   3.205771    658.000  -47.01388  -47.06034  71.926837    34.1765    34.1807 0.0000e+00
      24541     3.8795   3.204862     3.8781   3.205019    659.000  -47.01388  -47.06034  71.926846    34.1763    34.1796 0.0000e+00
      24562     3.8808   3.205148     3.8784   3.205117    660.000  -47.01388  -47.06034  71.926856    34.1764    34.1790 0.0000e+00
      24589     3.8890   3.205983     3.8871   3.206037    661.000  -47.01388  -47.06034  71.926869    34.1779    34.1803 0.0000e+00
      24642     3.8889   3.206002     3.8878   3.206133    662.000  -47.01387  -47.06033  71.926895    34.1777    34.1804 0.0000e+00
      24703     3.8878   3.205979     3.8864   3.206072    663.000  -47.01388  -47.06032  71.926924    34.1780    34.1807 0.0000e+00
      24722     3.8880   3.206136     3.8864   3.206168    664.000  -47.01388  -47.06032  71.926933    34.1787    34.1809 0.0000e+00
      24739     3.8898   3.206494     3.8882   3.206532    665.000  -47.01388  -47.06033  71.926942    34.1807    34.1827 0.0000e+00
      24756     3.8877   3.206372     3.8859   3.206450    666.000  -47.01388  -47.06034  71.926950    34.1813    34.1842 0.0000e+00
      24776     3.8864   3.206321     3.8847   3.206398    667.000  -47.01388  -47.06034  71.926960    34.1816    34.1842 0.0000e+00
      24801     3.8855   3.206280     3.8840   3.206372    668.000  -47.01388  -47.06034  71.926971    34.1815    34.1841 0.0000e+00
      24825     3.8826   3.206103     3.8812   3.206208    669.000  -47.01388 -9.990e-29  71.926983    34.1820    34.1848 0.0000e+00
      24846     3.8787   3.205810     3.8773   3.205925    670.000  -47.01388 -9.990e-29  71.926993    34.1822    34.1850 0.0000e+00
      24871     3.8774   3.205740     3.8757   3.205823    671.000  -47.01388 -9.990e-29  71.927005    34.1820    34.1848 0.0000e+00
      24931     3.8796   3.205953     3.8755   3.205846    672.000  -47.01388  -47.06032  71.927034    34.1816    34.1846 0.0000e+00
      24980     3.8753   3.205729     3.8739   3.205834    673.000  -47.01386  -47.06032  71.927058    34.1830    34.1856 0.0000e+00
      25008     3.8721   3.205484     3.8708   3.205631    674.000  -47.01386  -47.06032  71.927071    34.1832    34.1862 0.0000e+00
      25031     3.8688   3.205227     3.8676   3.205358    675.000 -9.990e-29  -47.06032  71.927082    34.1830    34.1859 0.0000e+00
      25050     3.8678   3.205153     3.8664   3.205280    676.000 -9.990e-29  -47.06032  71.927091    34.1828    34.1856 0.0000e+00
      25065     3.8585   3.204166     3.8582   3.204536    677.000 -9.990e-29  -47.06032  71.927099    34.1818    34.1865 0.0000e+00
      25079     3.8393   3.202150     3.8387   3.202765    678.000 -9.990e-29  -47.06032  71.927105    34.1804    34.1878 0.0000e+00
      25092     3.8130   3.199732     3.8127   3.200418    679.000 -9.990e-29  -47.06032  71.927112    34.1791    34.1873 0.0000e+00
      25105     3.7936   3.198150     3.7927   3.198623    680.000  -47.01388  -47.06032  71.927118    34.1781    34.1848 0.0000e+00
      25121     3.7825   3.197197     3.7812   3.197534    681.000  -47.01388  -47.06032  71.927126    34.1773    34.1828 0.0000e+00
      25192     3.7992   3.198894     3.8006   3.199263    682.000  -47.01388  -47.06032  71.927160    34.1787    34.1827 0.0000e+00
      25288     3.8080   3.198693     3.8211   3.201272    683.000  -47.01388  -47.06032  71.927206    34.1765    34.1861 0.0000e+00
      25297     3.7528   3.194565     3.7619   3.195976    684.000  -47.01388  -47.06032  71.927211    34.1759    34.1887 0.0000e+00
      25309     3.7519   3.194685     3.7507   3.194985    685.000  -47.01388  -47.06032  71.927216    34.1758    34.1813 0.0000e+00
      25321     3.7548   3.195141     3.7531   3.195268    686.000  -47.01388  -47.06032  71.927222    34.1771    34.1808 0.0000e+00
      25333     3.7596   3.195824     3.7577   3.195824    687.000  -47.01388  -47.06032  71.927228    34.1785    34.1811 0.0000e+00
      25346     3.7684   3.196501     3.7662   3.196687    688.000  -47.01388  -47.06032  71.927234    34.1798    34.1828 0.0000e+00
      25359     3.7408   3.193729     3.7404   3.194380    689.000  -47.01388  -47.06032  71.927241    34.1777    34.1865 0.0000e+00
      25382     3.7318   3.193178     3.7363   3.193976    690.000  -47.01388  -47.06032  71.927252    34.1770    34.1812 0.0000e+00
      25451     3.7435   3.194323     3.7606   3.196063    691.000  -47.01388 -9.990e-29  71.927285    34.1766    34.1788 0.0000e+00
      25511     3.7369   3.193836     3.7407   3.194518    692.000  -47.01388 -9.990e-29  71.927314    34.1770    34.1820 0.0000e+00
      25551     3.7285   3.193219     3.7283   3.193478    693.000  -47.01388 -9.990e-29  71.927333    34.1782    34.1819 0.0000e+00
      25576     3.7300   3.193586     3.7282   3.193661    694.000  -47.01388 -9.990e-29  71.927345    34.1795    34.1822 0.0000e+00
      25594     3.7237   3.192994     3.7226   3.193269    695.000  -47.01388  -47.06032  71.927354    34.1799    34.1846 0.0000e+00
      25609     3.7183   3.192634     3.7170   3.192808    696.000  -47.01388  -47.06032  71.927361    34.1800    34.1837 0.0000e+00
      25622     3.7179   3.192659     3.7163   3.192774    697.000  -47.01388  -47.06032  71.927367    34.1798    34.1831 0.0000e+00
      25634     3.7187   3.192771     3.7173   3.192899    698.000  -47.01388  -47.06032  71.927373    34.1799    34.1829 0.0000e+00
      25646     3.7158   3.192497     3.7144   3.192701    699.000  -47.01388  -47.06032  71.927379    34.1797    34.1836 0.0000e+00
      25659     3.7137   3.192442     3.7122   3.192584    700.000  -47.01388  -47.06032  71.927385    34.1800    34.1835 0.0000e+00
      25671     3.7080   3.191784     3.7069   3.192150    701.000  -47.01388  -47.06032  71.927391    34.1799    34.1850 0.0000e+00
      25746     3.7054   3.191789     3.7048   3.191980    702.000  -47.01388  -47.06032  71.927427    34.1798    34.1837 0.0000e+00
      25823     3.7182   3.192854     3.7173   3.193090    703.000  -47.01388  -47.06032  71.927464    34.1793    34.1829 0.0000e+00
      25835     3.6973   3.190984     3.6983   3.191514    704.000  -47.01388  -47.06032  71.927470    34.1800    34.1854 0.0000e+00
      25854     3.6834   3.189823     3.6829   3.190189    705.000  -47.01388  -47.06032  71.927479    34.1797    34.1847 0.0000e+00
      25878     3.6728   3.189008     3.6715   3.189210    706.000  -47.01388  -47.06032  71.927491    34.1794    34.1834 0.0000e+00
      25898     3.6711   3.188914     3.6695   3.189076    707.000  -47.01388  -47.06032  71.927500    34.1795    34.1831 0.0000e+00
      25915     3.6661   3.188376     3.6651   3.188719    708.000  -47.01388  -47.06032  71.927509    34.1793    34.1838 0.0000e+00
      25929     3.6501   3.186981     3.6495   3.187373    709.000  -47.01388  -47.06032  71.927516    34.1789    34.1847 0.0000e+00
      25944     3.6452   3.186742     3.6436   3.186916    710.000  -47.01388  -47.06032  71.927523    34.1791    34.1830 0.0000e+00
      25962     3.6457   3.186848     3.6443   3.187010    711.000  -47.01388  -47.06032  71.927532    34.1793    34.1828 0.0000e+00
      26079     3.6630   3.188356     3.6689   3.189175    712.000  -47.01388  -47.06032  71.927588    34.1787    34.1818 0.0000e+00
      26116     3.6481   3.186982     3.6538   3.187886    713.000  -47.01388  -47.06032  71.927606    34.1790    34.1841 0.0000e+00
      26132     3.6300   3.185598     3.6302   3.186000    714.000  -47.01388  -47.06032  71.927613    34.1797    34.1853 0.0000e+00
      26146     3.6249   3.185158     3.6238   3.185458    715.000  -47.01388  -47.06032  71.927620    34.1795    34.1843 0.0000e+00
      26160     3.6195   3.184802     3.6182   3.185016    716.000  -47.01388  -47.06032  71.927627    34.1799    34.1841 0.0000e+00
      26174     3.6222   3.185325     3.6202   3.185345    717.000  -47.01388  -47.06032  71.927633    34.1814    34.1838 0.0000e+00
      26189     3.6245   3.185570     3.6228   3.185691    718.000  -47.01388  -47.06032  71.927641    34.1820    34.1852 0.0000e+00
      26209     3.6237   3.185524     3.6222   3.185677    719.000  -47.01388  -47.06032  71.927651    34.1820    34.1854 0.0000e+00
      26241     3.6231   3.185572     3.6212   3.185674    720.000  -47.01388  -47.06032  71.927666    34.1822    34.1854 0.0000e+00
      26277     3.6256   3.186003     3.6239   3.186101    721.000  -47.01388  -47.06032  71.927683    34.1840    34.1870 0.0000e+00
      26334     3.6252   3.186040     3.6239   3.186139    722.000  -47.01388  -47.06032  71.927711    34.1842    34.1869 0.0000e+00
      26391     3.6249   3.186092     3.6239   3.186152    723.000  -47.01388  -47.06032  71.927738    34.1846    34.1863 0.0000e+00
