SBEDataProcessing_SAGA-CTD_example/tipo1/out1/st002.cnv
* Sea-Bird SBE 9 Data File:
* FileName = C:\Users\CTD01\Desktop\CTD_SAGA\ST002.hex
* Software Version Seasave V 7.26.7.121
* Temperature SN = 4669
* Conductivity SN = 3289
* Number of Bytes Per Scan = 37
* Number of Voltage Words = 4
* Number of Scans Averaged by the Deck Unit = 1
* NMEA Latitude = 46 30.40 S
* NMEA Longitude = 045 00.77 W
* NMEA UTC (Time) = Mar 13 2021 11:55:48
* NMEA baud rate = 9600
** Ship:Sarmiento de Gamboa
** Cruise:SAGA 10W
** Cast:  002
** Station:  002
** Depth:  5460
** Date:  13/03/2021
** Time:  11:55
# nquan = 12
# nvalues = 5343                        
# units = specified
# name 0 = scan: Scan Count
# name 1 = t090C: Temperature [ITS-90, deg C]
# name 2 = c0S/m: Conductivity [S/m]
# name 3 = t190C: Temperature, 2 [ITS-90, deg C]
# name 4 = c1S/m: Conductivity, 2 [S/m]
# name 5 = prDM: Pressure, Digiquartz [db]
# name 6 = latitude: Latitude [deg]
# name 7 = longitude: Longitude [deg]
# name 8 = timeJ: Julian Days
# name 9 = sal00: Salinity, Practical [PSU]
# name 10 = sal11: Salinity, Practical, 2 [PSU]
# name 11 = flag: flag
# span 0 =       1416,     153106       
# span 1 =     0.3163,    14.6477       
# span 2 =   3.093676,   4.204352       
# span 3 =     0.3152,    14.6465       
# span 4 =   3.093839,   4.204094       
# span 5 =      3.000,   5345.000       
# span 6 =  -46.50676,  -46.50666       
# span 7 =  -45.01296,  -45.01282       
# span 8 =  72.497766,  72.570919       
# span 9 =    34.1500,    34.8352       
# span 10 =    34.1539,    34.8377      
# span 11 = 0.0000e+00, 0.0000e+00      
# interval = decibars: 1                
# start_time = Mar 13 2021 11:55:48 [NMEA time, header]
# bad_flag = -9.990e-29
*END*
[from data line 4692]
     134760     0.3647   3.094861     0.3636   3.095008   4695.000  -46.50672  -45.01287  72.562071    34.6708    34.6738 0.0000e+00
     134774     0.3644   3.094852     0.3633   3.095016   4696.000  -46.50672  -45.01288  72.562078    34.6707    34.6738 0.0000e+00
     134790     0.3637   3.094829     0.3626   3.094981   4697.000  -46.50672  -45.01288  72.562086    34.6707    34.6737 0.0000e+00
     134807     0.3632   3.094813     0.3622   3.094969   4698.000  -46.50672  -45.01288  72.562094    34.6706    34.6737 0.0000e+00
     134827     0.3631   3.094833     0.3620   3.094988   4699.000  -46.50672 -9.990e-29  72.562104    34.6704    34.6736 0.0000e+00
     134851     0.3630   3.094853     0.3618   3.095005   4700.000  -46.50672 -9.990e-29  72.562115    34.6705    34.6736 0.0000e+00
     134891     0.3629   3.094876     0.3617   3.095020   4701.000  -46.50672  -45.01287  72.562135    34.6704    34.6735 0.0000e+00
     135009     0.3632   3.094928     0.3620   3.095082   4702.000  -46.50672  -45.01288  72.562191    34.6703    34.6735 0.0000e+00
     135028     0.3618   3.094855     0.3608   3.095013   4703.000  -46.50672  -45.01288  72.562200    34.6705    34.6736 0.0000e+00
     135046     0.3617   3.094877     0.3605   3.095030   4704.000  -46.50672  -45.01288  72.562209    34.6705    34.6736 0.0000e+00
     135062     0.3617   3.094913     0.3605   3.095041   4705.000  -46.50672  -45.01288  72.562217    34.6704    34.6733 0.0000e+00
     135077     0.3618   3.094947     0.3606   3.095086   4706.000  -46.50672  -45.01287  72.562224    34.6705    34.6735 0.0000e+00
     135091     0.3616   3.094982     0.3603   3.095092   4707.000  -46.50672  -45.01286  72.562231    34.6705    34.6734 0.0000e+00
     135105     0.3614   3.094982     0.3603   3.095132   4708.000  -46.50672  -45.01286  72.562238    34.6706    34.6735 0.0000e+00
     135119     0.3607   3.094961     0.3597   3.095111   4709.000  -46.50672  -45.01286  72.562244    34.6705    34.6735 0.0000e+00
     135133     0.3606   3.094979     0.3596   3.095133   4710.000  -46.50672  -45.01286  72.562251    34.6704    34.6735 0.0000e+00
     135147     0.3604   3.094999     0.3594   3.095148   4711.000  -46.50672  -45.01286  72.562258    34.6705    34.6735 0.0000e+00
     135163     0.3600   3.094985     0.3589   3.095144   4712.000  -46.50672  -45.01286  72.562266    34.6704    34.6735 0.0000e+00
     135225     0.3604   3.095051     0.3591   3.095195   4713.000  -46.50672  -45.01288  72.562296    34.6703    34.6734 0.0000e+00
     135343     0.3612   3.095147     0.3597   3.095272   4714.000  -46.50672  -45.01288  72.562352    34.6704    34.6735 0.0000e+00
     135354     0.3604   3.095129     0.3591   3.095249   4715.000  -46.50672  -45.01288  72.562358    34.6705    34.6734 0.0000e+00
     135366     0.3601   3.095131     0.3590   3.095275   4716.000  -46.50672  -45.01288  72.562364    34.6704    34.6733 0.0000e+00
     135379     0.3603   3.095177     0.3591   3.095314   4717.000  -46.50672  -45.01288  72.562370    34.6703    34.6733 0.0000e+00
     135391     0.3596   3.095137     0.3588   3.095330   4718.000  -46.50672  -45.01288  72.562376    34.6704    34.6735 0.0000e+00
     135403     0.3590   3.095137     0.3579   3.095282   4719.000  -46.50672  -45.01288  72.562381    34.6704    34.6734 0.0000e+00
     135415     0.3590   3.095167     0.3580   3.095322   4720.000  -46.50672  -45.01288  72.562387    34.6704    34.6734 0.0000e+00
     135428     0.3584   3.095139     0.3575   3.095308   4721.000  -46.50672  -45.01288  72.562393    34.6704    34.6734 0.0000e+00
     135461     0.3584   3.095160     0.3573   3.095323   4722.000  -46.50672  -45.01288  72.562409    34.6701    34.6734 0.0000e+00
     135600     0.3607   3.095399     0.3588   3.095482   4723.000  -46.50672  -45.01290  72.562476    34.6703    34.6732 0.0000e+00
     135610     0.3604   3.095397     0.3588   3.095511   4724.000  -46.50672  -45.01288  72.562481    34.6703    34.6735 0.0000e+00
     135622     0.3582   3.095266     0.3571   3.095415   4725.000  -46.50672  -45.01288  72.562487    34.6704    34.6735 0.0000e+00
     135634     0.3582   3.095298     0.3571   3.095435   4726.000  -46.50672  -45.01290  72.562493    34.6704    34.6734 0.0000e+00
     135646     0.3581   3.095312     0.3570   3.095453   4727.000  -46.50672  -45.01290  72.562499    34.6704    34.6733 0.0000e+00
     135658     0.3580   3.095339     0.3568   3.095471   4728.000  -46.50672  -45.01290  72.562504    34.6703    34.6732 0.0000e+00
     135671     0.3578   3.095335     0.3567   3.095490   4729.000  -46.50672  -45.01290  72.562511    34.6702    34.6734 0.0000e+00
     135688     0.3572   3.095306     0.3561   3.095474   4730.000  -46.50672  -45.01290  72.562519    34.6700    34.6733 0.0000e+00
     135736     0.3578   3.095392     0.3563   3.095522   4731.000  -46.50672  -45.01290  72.562542    34.6701    34.6732 0.0000e+00
     135815     0.3578   3.095419     0.3563   3.095545   4732.000  -46.50672  -45.01290  72.562580    34.6701    34.6733 0.0000e+00
     135833     0.3568   3.095393     0.3557   3.095527   4733.000  -46.50672 -9.990e-29  72.562589    34.6702    34.6731 0.0000e+00
     135850     0.3568   3.095415     0.3557   3.095572   4734.000  -46.50672 -9.990e-29  72.562597    34.6702    34.6733 0.0000e+00
     135865     0.3566   3.095428     0.3555   3.095572   4735.000  -46.50672 -9.990e-29  72.562604    34.6702    34.6731 0.0000e+00
     135880     0.3561   3.095403     0.3550   3.095569   4736.000  -46.50672 -9.990e-29  72.562611    34.6700    34.6733 0.0000e+00
     135896     0.3557   3.095416     0.3546   3.095556   4737.000  -46.50672  -45.01292  72.562619    34.6702    34.6730 0.0000e+00
     135913     0.3555   3.095426     0.3544   3.095577   4738.000  -46.50672  -45.01292  72.562627    34.6702    34.6732 0.0000e+00
     135951     0.3555   3.095451     0.3544   3.095599   4739.000  -46.50672  -45.01292  72.562645    34.6699    34.6730 0.0000e+00
     136038     0.3559   3.095512     0.3548   3.095663   4740.000  -46.50672  -45.01290  72.562688    34.6698    34.6730 0.0000e+00
     136055     0.3551   3.095484     0.3540   3.095623   4741.000  -46.50672  -45.01290  72.562696    34.6700    34.6729 0.0000e+00
     136072     0.3550   3.095509     0.3538   3.095656   4742.000  -46.50672  -45.01290  72.562704    34.6700    34.6731 0.0000e+00
     136087     0.3549   3.095547     0.3539   3.095684   4743.000  -46.50672  -45.01290  72.562711    34.6701    34.6729 0.0000e+00
     136101     0.3548   3.095567     0.3538   3.095700   4744.000  -46.50672  -45.01290  72.562718    34.6700    34.6729 0.0000e+00
     136117     0.3547   3.095577     0.3536   3.095731   4745.000  -46.50672 -9.990e-29  72.562726    34.6700    34.6730 0.0000e+00
     136135     0.3542   3.095570     0.3532   3.095721   4746.000  -46.50672 -9.990e-29  72.562734    34.6700    34.6730 0.0000e+00
     136169     0.3543   3.095603     0.3532   3.095744   4747.000  -46.50672 -9.990e-29  72.562751    34.6698    34.6729 0.0000e+00
     136252     0.3548   3.095660     0.3538   3.095825   4748.000  -46.50672 -9.990e-29  72.562791    34.6696    34.6729 0.0000e+00
     136276     0.3545   3.095687     0.3533   3.095843   4749.000  -46.50672 -9.990e-29  72.562802    34.6699    34.6731 0.0000e+00
     136297     0.3545   3.095736     0.3534   3.095879   4750.000  -46.50672  -45.01290  72.562812    34.6700    34.6730 0.0000e+00
     136316     0.3545   3.095756     0.3535   3.095900   4751.000  -46.50672  -45.01290  72.562822    34.6699    34.6729 0.0000e+00
     136334     0.3543   3.095776     0.3532   3.095922   4752.000  -46.50672  -45.01290  72.562830    34.6699    34.6729 0.0000e+00
     136352     0.3542   3.095800     0.3532   3.095941   4753.000  -46.50672  -45.01292  72.562839    34.6700    34.6729 0.0000e+00
     136371     0.3541   3.095831     0.3531   3.095970   4754.000  -46.50672  -45.01292  72.562848    34.6700    34.6728 0.0000e+00
     136390     0.3542   3.095867     0.3532   3.096019   4755.000  -46.50672  -45.01292  72.562857    34.6700    34.6729 0.0000e+00
     136410     0.3542   3.095900     0.3532   3.096040   4756.000  -46.50672  -45.01292  72.562867    34.6700    34.6728 0.0000e+00
     136474     0.3543   3.095926     0.3532   3.096074   4757.000  -46.50672  -45.01291  72.562898    34.6698    34.6729 0.0000e+00
     136559     0.3546   3.095995     0.3535   3.096132   4758.000  -46.50672  -45.01290  72.562939    34.6700    34.6728 0.0000e+00
     136571     0.3545   3.096025     0.3534   3.096163   4759.000  -46.50672  -45.01290  72.562945    34.6699    34.6729 0.0000e+00
     136584     0.3545   3.096061     0.3534   3.096196   4760.000  -46.50672  -45.01290  72.562951    34.6700    34.6729 0.0000e+00
     136597     0.3544   3.096072     0.3533   3.096220   4761.000  -46.50672  -45.01290  72.562957    34.6699    34.6728 0.0000e+00
     136609     0.3541   3.096075     0.3529   3.096223   4762.000  -46.50672  -45.01290  72.562963    34.6699    34.6730 0.0000e+00
     136622     0.3536   3.096071     0.3526   3.096218   4763.000  -46.50672  -45.01290  72.562969    34.6699    34.6729 0.0000e+00
     136637     0.3532   3.096060     0.3523   3.096210   4764.000  -46.50672  -45.01290  72.562977    34.6699    34.6728 0.0000e+00
     136658     0.3530   3.096079     0.3519   3.096227   4765.000  -46.50672  -45.01291  72.562986    34.6699    34.6729 0.0000e+00
     136703     0.3536   3.096143     0.3521   3.096260   4766.000  -46.50672  -45.01292  72.563008    34.6697    34.6727 0.0000e+00
     136788     0.3542   3.096224     0.3526   3.096337   4767.000  -46.50672  -45.01290  72.563050    34.6697    34.6728 0.0000e+00
     136810     0.3529   3.096168     0.3517   3.096306   4768.000  -46.50672  -45.01288  72.563060    34.6699    34.6728 0.0000e+00
     136828     0.3529   3.096200     0.3517   3.096343   4769.000  -46.50671  -45.01288  72.563068    34.6699    34.6729 0.0000e+00
     136844     0.3530   3.096235     0.3519   3.096391   4770.000  -46.50670  -45.01288  72.563076    34.6698    34.6729 0.0000e+00
     136861     0.3529   3.096259     0.3518   3.096399   4771.000  -46.50670  -45.01288  72.563084    34.6699    34.6727 0.0000e+00
     136881     0.3525   3.096258     0.3515   3.096404   4772.000  -46.50670  -45.01289  72.563094    34.6698    34.6727 0.0000e+00
     136916     0.3524   3.096261     0.3511   3.096401   4773.000  -46.50670  -45.01290  72.563111    34.6696    34.6727 0.0000e+00
     136959     0.3514   3.096221     0.3503   3.096366   4774.000  -46.50672  -45.01290  72.563132    34.6697    34.6728 0.0000e+00
     136983     0.3515   3.096275     0.3504   3.096411   4775.000  -46.50672  -45.01290  72.563143    34.6699    34.6727 0.0000e+00
     137002     0.3516   3.096303     0.3505   3.096449   4776.000  -46.50672  -45.01290  72.563152    34.6697    34.6727 0.0000e+00
     137020     0.3514   3.096332     0.3505   3.096474   4777.000  -46.50672  -45.01290  72.563161    34.6699    34.6726 0.0000e+00
     137038     0.3512   3.096322     0.3501   3.096483   4778.000  -46.50672  -45.01290  72.563170    34.6696    34.6728 0.0000e+00
     137056     0.3511   3.096354     0.3500   3.096506   4779.000  -46.50672  -45.01290  72.563179    34.6696    34.6727 0.0000e+00
     137076     0.3507   3.096346     0.3495   3.096496   4780.000  -46.50672  -45.01290  72.563188    34.6697    34.6728 0.0000e+00
     137108     0.3502   3.096334     0.3491   3.096482   4781.000  -46.50672  -45.01290  72.563204    34.6696    34.6726 0.0000e+00
     137252     0.3512   3.096454     0.3498   3.096583   4782.000  -46.50670 -9.990e-29  72.563273    34.6697    34.6727 0.0000e+00
     137264     0.3504   3.096421     0.3493   3.096568   4783.000  -46.50670 -9.990e-29  72.563279    34.6697    34.6726 0.0000e+00
     137278     0.3500   3.096433     0.3489   3.096570   4784.000  -46.50670 -9.990e-29  72.563286    34.6698    34.6726 0.0000e+00
     137290     0.3500   3.096441     0.3488   3.096590   4785.000  -46.50670 -9.990e-29  72.563291    34.6695    34.6728 0.0000e+00
     137303     0.3498   3.096465     0.3487   3.096618   4786.000  -46.50670  -45.01288  72.563298    34.6696    34.6726 0.0000e+00
     137315     0.3500   3.096511     0.3489   3.096650   4787.000  -46.50670  -45.01288  72.563303    34.6695    34.6725 0.0000e+00
     137327     0.3499   3.096549     0.3489   3.096680   4788.000  -46.50670  -45.01288  72.563309    34.6697    34.6724 0.0000e+00
     137339     0.3498   3.096559     0.3487   3.096702   4789.000  -46.50670  -45.01288  72.563315    34.6695    34.6725 0.0000e+00
     137352     0.3495   3.096546     0.3484   3.096702   4790.000  -46.50670  -45.01288  72.563321    34.6695    34.6726 0.0000e+00
     137368     0.3487   3.096528     0.3476   3.096672   4791.000  -46.50670  -45.01290  72.563329    34.6696    34.6726 0.0000e+00
     137389     0.3484   3.096533     0.3474   3.096689   4792.000  -46.50672  -45.01290  72.563339    34.6695    34.6726 0.0000e+00
     137503     0.3493   3.096626     0.3480   3.096775   4793.000  -46.50671  -45.01290  72.563394    34.6694    34.6726 0.0000e+00
     137567     0.3486   3.096605     0.3474   3.096743   4794.000  -46.50670 -9.990e-29  72.563425    34.6695    34.6727 0.0000e+00
     137580     0.3491   3.096681     0.3473   3.096763   4795.000  -46.50670 -9.990e-29  72.563431    34.6696    34.6724 0.0000e+00
     137593     0.3475   3.096587     0.3464   3.096729   4796.000  -46.50670 -9.990e-29  72.563437    34.6696    34.6726 0.0000e+00
     137605     0.3474   3.096604     0.3463   3.096753   4797.000  -46.50670  -45.01288  72.563443    34.6695    34.6725 0.0000e+00
     137617     0.3471   3.096603     0.3461   3.096758   4798.000  -46.50670  -45.01288  72.563449    34.6694    34.6724 0.0000e+00
     137631     0.3463   3.096567     0.3453   3.096717   4799.000  -46.50670  -45.01288  72.563456    34.6695    34.6724 0.0000e+00
     137653     0.3461   3.096574     0.3450   3.096735   4800.000  -46.50670  -45.01288  72.563466    34.6694    34.6725 0.0000e+00
     137683     0.3463   3.096612     0.3451   3.096759   4801.000  -46.50670  -45.01290  72.563481    34.6692    34.6724 0.0000e+00
     137718     0.3451   3.096548     0.3440   3.096697   4802.000  -46.50670  -45.01290  72.563498    34.6692    34.6723 0.0000e+00
     137747     0.3446   3.096536     0.3435   3.096689   4803.000  -46.50670  -45.01290  72.563512    34.6693    34.6724 0.0000e+00
     137782     0.3445   3.096553     0.3433   3.096706   4804.000  -46.50671  -45.01288  72.563529    34.6692    34.6723 0.0000e+00
     137817     0.3446   3.096597     0.3434   3.096743   4805.000  -46.50670  -45.01288  72.563545    34.6692    34.6723 0.0000e+00
     137840     0.3447   3.096647     0.3435   3.096790   4806.000  -46.50670  -45.01288  72.563557    34.6692    34.6723 0.0000e+00
     137860     0.3449   3.096699     0.3437   3.096845   4807.000  -46.50670  -45.01288  72.563566    34.6692    34.6723 0.0000e+00
     137880     0.3448   3.096718     0.3437   3.096864   4808.000  -46.50670  -45.01288  72.563576    34.6693    34.6722 0.0000e+00
     137903     0.3444   3.096715     0.3434   3.096873   4809.000  -46.50670  -45.01288  72.563587    34.6692    34.6723 0.0000e+00
     137939     0.3443   3.096729     0.3432   3.096883   4810.000  -46.50670  -45.01288  72.563605    34.6691    34.6722 0.0000e+00
     138056     0.3449   3.096810     0.3438   3.096975   4811.000  -46.50670  -45.01288  72.563661    34.6690    34.6723 0.0000e+00
     138067     0.3443   3.096805     0.3432   3.096955   4812.000  -46.50670  -45.01288  72.563666    34.6691    34.6722 0.0000e+00
     138081     0.3442   3.096838     0.3433   3.096977   4813.000  -46.50670  -45.01288  72.563673    34.6693    34.6721 0.0000e+00
     138094     0.3444   3.096884     0.3433   3.097025   4814.000  -46.50670  -45.01288  72.563679    34.6692    34.6722 0.0000e+00
