SBEDataProcessing_SAGA-CTD_example/tipo1/out1/st002.cnv
* Sea-Bird SBE 9 Data File:
* FileName = C:\Users\CTD01\Desktop\CTD_SAGA\ST002.hex
* Software Version Seasave V 7.26.7.121
* Temperature SN = 4669
* Conductivity SN = 3289
* Number of Bytes Per Scan = 37
* Number of Voltage Words = 4
* Number of Scans Averaged by the Deck Unit = 1
* NMEA Latitude = 46 30.40 S
* NMEA Longitude = 045 00.77 W
* NMEA UTC (Time) = Mar 13 2021 11:55:48
* NMEA baud rate = 9600
** Ship:Sarmiento de Gamboa
** Cruise:SAGA 10W
** Cast:  002
** Station:  002
** Depth:  5460
** Date:  13/03/2021
** Time:  11:55
# nquan = 12
# nvalues = 5343                        
# units = specified
# name 0 = scan: Scan Count
# name 1 = t090C: Temperature [ITS-90, deg C]
# name 2 = c0S/m: Conductivity [S/m]
# name 3 = t190C: Temperature, 2 [ITS-90, deg C]
# name 4 = c1S/m: Conductivity, 2 [S/m]
# name 5 = prDM: Pressure, Digiquartz [db]
# name 6 = latitude: Latitude [deg]
# name 7 = longitude: Longitude [deg]
# name 8 = timeJ: Julian Days
# name 9 = sal00: Salinity, Practical [PSU]
# name 10 = sal11: Salinity, Practical, 2 [PSU]
# name 11 = flag: flag
# span 0 =       1416,     153106       
# span 1 =     0.3163,    14.6477       
# span 2 =   3.093676,   4.204352       
# span 3 =     0.3152,    14.6465       
# span 4 =   3.093839,   4.204094       
# span 5 =      3.000,   5345.000       
# span 6 =  -46.50676,  -46.50666       
# span 7 =  -45.01296,  -45.01282       
# span 8 =  72.497766,  72.570919       
# span 9 =    34.1500,    34.8352       
# span 10 =    34.1539,    34.8377      
# span 11 = 0.0000e+00, 0.0000e+00      
# interval = decibars: 1                
# start_time = Mar 13 2021 11:55:48 [NMEA time, header]
# bad_flag = -9.990e-29
*END*
[from data line 2407]
      71495     2.6008   3.218780     2.5996   3.218908   2410.000  -46.50670  -45.01288  72.531562    34.8192    34.8218 0.0000e+00
      71507     2.5990   3.218648     2.5981   3.218788   2411.000  -46.50670  -45.01288  72.531567    34.8190    34.8217 0.0000e+00
      71519     2.5967   3.218422     2.5957   3.218600   2412.000  -46.50670  -45.01286  72.531573    34.8187    34.8218 0.0000e+00
      71531     2.5924   3.218022     2.5915   3.218207   2413.000  -46.50670  -45.01286  72.531579    34.8182    34.8214 0.0000e+00
      71544     2.5897   3.217819     2.5887   3.217983   2414.000  -46.50670  -45.01288  72.531585    34.8180    34.8209 0.0000e+00
      71557     2.5871   3.217614     2.5862   3.217764   2415.000  -46.50671  -45.01288  72.531591    34.8175    34.8203 0.0000e+00
      71574     2.5863   3.217583     2.5853   3.217706   2416.000  -46.50672  -45.01288  72.531600    34.8173    34.8199 0.0000e+00
      71668     2.5947   3.218406     2.5954   3.218685   2417.000  -46.50672  -45.01288  72.531645    34.8179    34.8208 0.0000e+00
      71700     2.5909   3.218038     2.5895   3.218197   2418.000  -46.50671  -45.01287  72.531660    34.8176    34.8210 0.0000e+00
      71714     2.5838   3.217419     2.5829   3.217609   2419.000  -46.50670  -45.01286  72.531667    34.8171    34.8204 0.0000e+00
      71729     2.5810   3.217237     2.5800   3.217359   2420.000  -46.50670  -45.01286  72.531674    34.8169    34.8196 0.0000e+00
      71744     2.5826   3.217516     2.5815   3.217564   2421.000  -46.50670  -45.01286  72.531682    34.8173    34.8191 0.0000e+00
      71764     2.5855   3.217828     2.5844   3.217927   2422.000  -46.50670  -45.01286  72.531691    34.8180    34.8204 0.0000e+00
      71800     2.5839   3.217718     2.5825   3.217795   2423.000  -46.50670  -45.01286  72.531709    34.8181    34.8205 0.0000e+00
      71852     2.5817   3.217554     2.5805   3.217658   2424.000  -46.50671  -45.01287  72.531734    34.8179    34.8204 0.0000e+00
      71900     2.5817   3.217615     2.5806   3.217705   2425.000  -46.50672  -45.01288  72.531757    34.8180    34.8203 0.0000e+00
      71921     2.5808   3.217563     2.5798   3.217689   2426.000  -46.50672  -45.01287  72.531767    34.8181    34.8207 0.0000e+00
      71936     2.5783   3.217397     2.5771   3.217506   2427.000  -46.50672  -45.01286  72.531774    34.8183    34.8210 0.0000e+00
      71950     2.5777   3.217414     2.5766   3.217516   2428.000  -46.50670  -45.01286  72.531781    34.8185    34.8209 0.0000e+00
      71963     2.5792   3.217664     2.5782   3.217727   2429.000  -46.50670  -45.01286  72.531787    34.8189    34.8206 0.0000e+00
      71978     2.5832   3.218154     2.5819   3.218167   2430.000  -46.50670  -45.01286  72.531794    34.8198    34.8214 0.0000e+00
      72008     2.5844   3.218251     2.5832   3.218328   2431.000  -46.50670  -45.01286  72.531809    34.8197    34.8220 0.0000e+00
      72094     2.5820   3.217985     2.5809   3.218079   2432.000  -46.50670  -45.01286  72.531850    34.8186    34.8209 0.0000e+00
      72113     2.5813   3.218042     2.5803   3.218142   2433.000  -46.50670  -45.01286  72.531860    34.8198    34.8222 0.0000e+00
      72133     2.5807   3.218059     2.5796   3.218142   2434.000  -46.50670  -45.01286  72.531869    34.8201    34.8222 0.0000e+00
      72154     2.5786   3.217852     2.5779   3.218001   2435.000  -46.50670  -45.01286  72.531879    34.8199    34.8224 0.0000e+00
      72173     2.5751   3.217551     2.5743   3.217706   2436.000  -46.50670  -45.01286  72.531889    34.8194    34.8222 0.0000e+00
      72191     2.5711   3.217212     2.5702   3.217358   2437.000  -46.50670  -45.01286  72.531897    34.8192    34.8220 0.0000e+00
      72207     2.5698   3.217144     2.5688   3.217268   2438.000  -46.50671  -45.01286  72.531905    34.8191    34.8216 0.0000e+00
      72224     2.5691   3.217137     2.5680   3.217235   2439.000  -46.50672  -45.01286  72.531913    34.8192    34.8216 0.0000e+00
      72243     2.5689   3.217145     2.5677   3.217246   2440.000  -46.50672  -45.01286  72.531923    34.8191    34.8215 0.0000e+00
      72343     2.5718   3.217448     2.5708   3.217565   2441.000  -46.50671  -45.01286  72.531970    34.8191    34.8220 0.0000e+00
      72411     2.5721   3.217436     2.5694   3.217495   2442.000  -46.50670  -45.01286  72.532003    34.8190    34.8221 0.0000e+00
      72423     2.5649   3.216831     2.5641   3.217028   2443.000  -46.50670  -45.01286  72.532009    34.8185    34.8221 0.0000e+00
      72435     2.5638   3.216749     2.5630   3.216924   2444.000  -46.50670  -45.01286  72.532015    34.8182    34.8210 0.0000e+00
      72447     2.5613   3.216565     2.5603   3.216709   2445.000  -46.50670  -45.01286  72.532021    34.8181    34.8209 0.0000e+00
      72459     2.5581   3.216226     2.5572   3.216436   2446.000  -46.50670  -45.01286  72.532026    34.8177    34.8209 0.0000e+00
      72471     2.5528   3.215774     2.5522   3.215995   2447.000  -46.50670  -45.01286  72.532032    34.8169    34.8204 0.0000e+00
      72484     2.5520   3.215766     2.5508   3.215893   2448.000  -46.50670  -45.01286  72.532038    34.8168    34.8197 0.0000e+00
      72496     2.5520   3.215841     2.5510   3.215943   2449.000  -46.50670  -45.01287  72.532044    34.8168    34.8192 0.0000e+00
      72511     2.5572   3.216515     2.5561   3.216544   2450.000  -46.50670  -45.01288  72.532052    34.8182    34.8198 0.0000e+00
      72579     2.5628   3.216998     2.5605   3.216988   2451.000  -46.50672  -45.01288  72.532084    34.8183    34.8208 0.0000e+00
      72658     2.5623   3.216881     2.5594   3.216876   2452.000  -46.50672 -9.990e-29  72.532122    34.8177    34.8203 0.0000e+00
      72674     2.5571   3.216394     2.5552   3.216547   2453.000  -46.50672 -9.990e-29  72.532130    34.8175    34.8211 0.0000e+00
      72691     2.5467   3.215548     2.5457   3.215721   2454.000  -46.50670 -9.990e-29  72.532138    34.8170    34.8203 0.0000e+00
      72710     2.5473   3.215693     2.5460   3.215760   2455.000  -46.50670  -45.01288  72.532147    34.8171    34.8196 0.0000e+00
      72730     2.5485   3.215826     2.5471   3.215913   2456.000  -46.50670  -45.01288  72.532157    34.8174    34.8197 0.0000e+00
      72755     2.5475   3.215816     2.5464   3.215905   2457.000  -46.50671  -45.01289  72.532169    34.8173    34.8197 0.0000e+00
      72781     2.5542   3.216591     2.5527   3.216636   2458.000  -46.50672  -45.01290  72.532182    34.8189    34.8210 0.0000e+00
      72804     2.5561   3.216820     2.5547   3.216900   2459.000  -46.50672  -45.01290  72.532193    34.8193    34.8217 0.0000e+00
      72826     2.5576   3.217040     2.5562   3.217106   2460.000  -46.50672  -45.01290  72.532204    34.8198    34.8220 0.0000e+00
      72849     2.5584   3.217151     2.5573   3.217240   2461.000  -46.50672  -45.01291  72.532214    34.8200    34.8222 0.0000e+00
      72872     2.5580   3.217140     2.5568   3.217228   2462.000  -46.50672  -45.01292  72.532226    34.8199    34.8222 0.0000e+00
      72897     2.5575   3.217132     2.5563   3.217225   2463.000  -46.50672  -45.01292  72.532238    34.8198    34.8222 0.0000e+00
      72936     2.5574   3.217146     2.5560   3.217240   2464.000  -46.50672  -45.01292  72.532257    34.8196    34.8223 0.0000e+00
      73007     2.5569   3.217136     2.5553   3.217218   2465.000  -46.50672  -45.01292  72.532291    34.8197    34.8223 0.0000e+00
      73045     2.5555   3.217069     2.5542   3.217168   2466.000  -46.50672  -45.01292  72.532309    34.8199    34.8224 0.0000e+00
      73071     2.5520   3.216765     2.5509   3.216908   2467.000  -46.50672  -45.01292  72.532321    34.8197    34.8227 0.0000e+00
      73090     2.5510   3.216758     2.5497   3.216846   2468.000  -46.50672  -45.01292  72.532331    34.8200    34.8224 0.0000e+00
      73107     2.5513   3.216822     2.5500   3.216912   2469.000  -46.50672  -45.01292  72.532339    34.8200    34.8224 0.0000e+00
      73122     2.5515   3.216885     2.5502   3.216969   2470.000  -46.50672  -45.01292  72.532346    34.8199    34.8223 0.0000e+00
      73137     2.5517   3.216933     2.5505   3.217029   2471.000  -46.50672  -45.01292  72.532353    34.8198    34.8224 0.0000e+00
      73153     2.5518   3.216976     2.5505   3.217066   2472.000  -46.50672  -45.01292  72.532361    34.8198    34.8223 0.0000e+00
      73170     2.5515   3.216989     2.5503   3.217089   2473.000  -46.50674  -45.01292  72.532369    34.8199    34.8223 0.0000e+00
      73191     2.5511   3.216997     2.5498   3.217087   2474.000  -46.50674  -45.01292  72.532380    34.8199    34.8224 0.0000e+00
      73224     2.5512   3.217027     2.5498   3.217118   2475.000  -46.50674  -45.01292  72.532395    34.8197    34.8222 0.0000e+00
      73330     2.5522   3.217147     2.5503   3.217202   2476.000  -46.50674  -45.01293  72.532446    34.8196    34.8223 0.0000e+00
      73358     2.5502   3.217027     2.5493   3.217165   2477.000  -46.50674  -45.01292  72.532460    34.8201    34.8226 0.0000e+00
      73375     2.5446   3.216474     2.5433   3.216670   2478.000  -46.50674  -45.01292  72.532468    34.8194    34.8232 0.0000e+00
      73390     2.5409   3.216212     2.5397   3.216347   2479.000  -46.50674  -45.01292  72.532475    34.8194    34.8224 0.0000e+00
      73404     2.5389   3.216055     2.5377   3.216189   2480.000  -46.50674  -45.01292  72.532482    34.8192    34.8221 0.0000e+00
      73418     2.5376   3.216013     2.5362   3.216121   2481.000 -9.990e-29  -45.01292  72.532489    34.8194    34.8221 0.0000e+00
      73432     2.5347   3.215744     2.5337   3.215936   2482.000 -9.990e-29  -45.01292  72.532496    34.8193    34.8226 0.0000e+00
      73448     2.5319   3.215560     2.5308   3.215700   2483.000 -9.990e-29  -45.01292  72.532503    34.8192    34.8221 0.0000e+00
      73469     2.5300   3.215430     2.5287   3.215537   2484.000 -9.990e-29  -45.01292  72.532514    34.8192    34.8219 0.0000e+00
      73534     2.5325   3.215696     2.5308   3.215767   2485.000  -46.50673  -45.01292  72.532545    34.8190    34.8217 0.0000e+00
      73594     2.5293   3.215451     2.5293   3.215686   2486.000  -46.50674  -45.01292  72.532574    34.8191    34.8217 0.0000e+00
      73613     2.5291   3.215473     2.5284   3.215638   2487.000  -46.50674 -9.990e-29  72.532583    34.8190    34.8220 0.0000e+00
      73630     2.5289   3.215526     2.5276   3.215610   2488.000  -46.50674 -9.990e-29  72.532591    34.8193    34.8216 0.0000e+00
      73645     2.5289   3.215566     2.5277   3.215659   2489.000  -46.50674 -9.990e-29  72.532598    34.8193    34.8217 0.0000e+00
      73660     2.5288   3.215584     2.5276   3.215676   2490.000  -46.50674 -9.990e-29  72.532606    34.8191    34.8216 0.0000e+00
      73677     2.5279   3.215538     2.5268   3.215650   2491.000  -46.50674 -9.990e-29  72.532614    34.8191    34.8217 0.0000e+00
      73728     2.5287   3.215649     2.5269   3.215705   2492.000  -46.50672  -45.01293  72.532638    34.8190    34.8216 0.0000e+00
      73796     2.5293   3.215732     2.5274   3.215798   2493.000  -46.50672  -45.01290  72.532671    34.8189    34.8217 0.0000e+00
      73814     2.5268   3.215549     2.5258   3.215695   2494.000  -46.50672  -45.01290  72.532680    34.8191    34.8219 0.0000e+00
      73830     2.5246   3.215399     2.5235   3.215537   2495.000  -46.50672  -45.01290  72.532688    34.8192    34.8220 0.0000e+00
      73845     2.5224   3.215236     2.5211   3.215369   2496.000  -46.50672  -45.01288  72.532695    34.8192    34.8222 0.0000e+00
      73859     2.5211   3.215178     2.5199   3.215295   2497.000  -46.50672  -45.01289  72.532702    34.8191    34.8218 0.0000e+00
      73874     2.5213   3.215247     2.5200   3.215335   2498.000  -46.50672  -45.01290  72.532709    34.8191    34.8216 0.0000e+00
      73890     2.5217   3.215327     2.5204   3.215418   2499.000  -46.50672  -45.01290  72.532717    34.8193    34.8217 0.0000e+00
      73909     2.5212   3.215322     2.5200   3.215422   2500.000  -46.50672  -45.01290  72.532726    34.8193    34.8219 0.0000e+00
      73935     2.5207   3.215327     2.5194   3.215419   2501.000  -46.50672  -45.01291  72.532738    34.8195    34.8219 0.0000e+00
      73975     2.5207   3.215347     2.5193   3.215448   2502.000  -46.50672  -45.01292  72.532757    34.8191    34.8218 0.0000e+00
      74109     2.5243   3.215675     2.5235   3.215834   2503.000  -46.50672  -45.01288  72.532822    34.8191    34.8218 0.0000e+00
      74121     2.5212   3.215462     2.5199   3.215576   2504.000  -46.50672  -45.01288  72.532828    34.8192    34.8220 0.0000e+00
      74135     2.5199   3.215420     2.5186   3.215502   2505.000  -46.50672  -45.01288  72.532835    34.8195    34.8219 0.0000e+00
      74147     2.5198   3.215440     2.5185   3.215536   2506.000  -46.50672  -45.01288  72.532841    34.8194    34.8218 0.0000e+00
      74160     2.5192   3.215431     2.5180   3.215533   2507.000  -46.50672  -45.01288  72.532847    34.8193    34.8219 0.0000e+00
      74172     2.5186   3.215396     2.5173   3.215505   2508.000  -46.50671  -45.01288  72.532853    34.8192    34.8219 0.0000e+00
      74185     2.5175   3.215321     2.5163   3.215449   2509.000  -46.50670  -45.01288  72.532859    34.8192    34.8220 0.0000e+00
      74198     2.5161   3.215251     2.5150   3.215377   2510.000  -46.50670  -45.01288  72.532865    34.8192    34.8219 0.0000e+00
      74213     2.5162   3.215294     2.5150   3.215401   2511.000  -46.50670 -9.990e-29  72.532872    34.8190    34.8217 0.0000e+00
      74231     2.5161   3.215323     2.5148   3.215424   2512.000  -46.50672 -9.990e-29  72.532881    34.8191    34.8216 0.0000e+00
      74252     2.5154   3.215309     2.5143   3.215415   2513.000  -46.50672 -9.990e-29  72.532891    34.8192    34.8216 0.0000e+00
      74316     2.5166   3.215455     2.5155   3.215567   2514.000  -46.50672 -9.990e-29  72.532922    34.8191    34.8218 0.0000e+00
      74403     2.5175   3.215566     2.5162   3.215676   2515.000  -46.50672  -45.01288  72.532964    34.8190    34.8217 0.0000e+00
      74420     2.5159   3.215464     2.5147   3.215577   2516.000  -46.50672  -45.01288  72.532972    34.8192    34.8219 0.0000e+00
      74437     2.5149   3.215418     2.5136   3.215525   2517.000  -46.50672  -45.01288  72.532980    34.8191    34.8219 0.0000e+00
      74461     2.5142   3.215391     2.5128   3.215489   2518.000  -46.50671  -45.01288  72.532992    34.8191    34.8217 0.0000e+00
      74498     2.5141   3.215430     2.5127   3.215526   2519.000  -46.50670  -45.01288  72.533010    34.8191    34.8219 0.0000e+00
      74522     2.5130   3.215376     2.5117   3.215491   2520.000  -46.50670  -45.01288  72.533021    34.8193    34.8219 0.0000e+00
      74539     2.5126   3.215397     2.5114   3.215499   2521.000  -46.50670  -45.01288  72.533030    34.8193    34.8219 0.0000e+00
      74554     2.5126   3.215445     2.5113   3.215539   2522.000  -46.50670  -45.01288  72.533037    34.8194    34.8221 0.0000e+00
      74567     2.5126   3.215493     2.5113   3.215581   2523.000  -46.50670  -45.01288  72.533043    34.8196    34.8221 0.0000e+00
      74581     2.5124   3.215517     2.5112   3.215624   2524.000  -46.50670  -45.01287  72.533050    34.8196    34.8222 0.0000e+00
      74596     2.5122   3.215540     2.5109   3.215624   2525.000  -46.50670  -45.01286  72.533057    34.8197    34.8221 0.0000e+00
      74617     2.5122   3.215578     2.5109   3.215672   2526.000  -46.50670  -45.01288  72.533067    34.8197    34.8222 0.0000e+00
      74679     2.5127   3.215641     2.5113   3.215729   2527.000  -46.50672  -45.01288  72.533097    34.8194    34.8219 0.0000e+00
      74710     2.5126   3.215747     2.5113   3.215816   2528.000  -46.50672  -45.01288  72.533112    34.8202    34.8224 0.0000e+00
