SBEDataProcessing_SAGA-CTD_example/tipo1/out1/st001.cnv
* Sea-Bird SBE 9 Data File:
* FileName = C:\Users\CTD01\Desktop\CTD_SAGA\ST001.hex
* Software Version Seasave V 7.26.7.121
* Temperature SN = 4669
* Conductivity SN = 3289
* Number of Bytes Per Scan = 37
* Number of Voltage Words = 4
* Number of Scans Averaged by the Deck Unit = 1
* NMEA Latitude = 47 00.83 S
* NMEA Longitude = 047 03.62 W
* NMEA UTC (Time) = Mar 12 2021 21:57:37
* NMEA baud rate = 9600
** Ship:Sarmiento de Gamboa
** Cruise:SAGA 10W
** Cast:  001
** Station:  001
** Depth:  5920
** Date:  12/03/2021
** Time:  21:57
# nquan = 12
# nvalues = 5371                        
# units = specified
# name 0 = scan: Scan Count
# name 1 = t090C: Temperature [ITS-90, deg C]
# name 2 = c0S/m: Conductivity [S/m]
# name 3 = t190C: Temperature, 2 [ITS-90, deg C]
# name 4 = c1S/m: Conductivity, 2 [S/m]
# name 5 = prDM: Pressure, Digiquartz [db]
# name 6 = latitude: Latitude [deg]
# name 7 = longitude: Longitude [deg]
# name 8 = timeJ: Julian Days
# name 9 = sal00: Salinity, Practical [PSU]
# name 10 = sal11: Salinity, Practical, 2 [PSU]
# name 11 = flag: flag
# span 0 =       3226,     159170       
# span 1 =     0.3771,    14.3058       
# span 2 =   3.107493,   4.185994       
# span 3 =     0.3763,    14.3036       
# span 4 =   3.107651,   4.185685       
# span 5 =      3.000,   5373.000       
# span 6 =  -47.01392,  -47.01386       
# span 7 =  -47.06044,  -47.06028       
# span 8 =  71.916567,  71.991772       
# span 9 =    34.1538,    35.0392       
# span 10 =    34.1573,    35.0457      
# span 11 = 0.0000e+00, 0.0000e+00      
# interval = decibars: 1                
# start_time = Mar 12 2021 21:57:37 [NMEA time, header]
# bad_flag = -9.990e-29
*END*
[from data line 2647]
      79987     2.5357   3.221334     2.5339   3.221358   2650.000  -47.01390  -47.06032  71.953585    34.8061    34.8082 0.0000e+00
      80010     2.5363   3.221411     2.5350   3.221524   2651.000  -47.01390  -47.06032  71.953596    34.8062    34.8087 0.0000e+00
      80029     2.5275   3.220482     2.5268   3.220731   2652.000  -47.01390  -47.06032  71.953605    34.8051    34.8090 0.0000e+00
      80049     2.5232   3.220211     2.5218   3.220309   2653.000  -47.01390  -47.06032  71.953615    34.8050    34.8077 0.0000e+00
      80074     2.5231   3.220231     2.5216   3.220333   2654.000  -47.01390  -47.06032  71.953627    34.8048    34.8076 0.0000e+00
      80156     2.5267   3.220594     2.5252   3.220675   2655.000  -47.01390  -47.06032  71.953667    34.8048    34.8074 0.0000e+00
      80213     2.5257   3.220521     2.5231   3.220518   2656.000  -47.01390  -47.06032  71.953694    34.8051    34.8078 0.0000e+00
      80227     2.5226   3.220324     2.5213   3.220419   2657.000  -47.01390  -47.06032  71.953701    34.8051    34.8076 0.0000e+00
      80240     2.5223   3.220347     2.5210   3.220438   2658.000  -47.01390  -47.06032  71.953707    34.8051    34.8076 0.0000e+00
      80253     2.5218   3.220336     2.5205   3.220421   2659.000  -47.01390  -47.06032  71.953713    34.8052    34.8075 0.0000e+00
      80265     2.5215   3.220352     2.5200   3.220421   2660.000  -47.01390  -47.06032  71.953719    34.8051    34.8075 0.0000e+00
      80277     2.5221   3.220473     2.5206   3.220541   2661.000  -47.01390  -47.06032  71.953725    34.8056    34.8078 0.0000e+00
      80291     2.5201   3.220303     2.5189   3.220427   2662.000  -47.01390  -47.06032  71.953732    34.8053    34.8081 0.0000e+00
      80325     2.5210   3.220437     2.5196   3.220517   2663.000  -47.01390  -47.06032  71.953748    34.8053    34.8078 0.0000e+00
      80423     2.5240   3.220695     2.5220   3.220749   2664.000  -47.01390  -47.06032  71.953795    34.8051    34.8078 0.0000e+00
      80436     2.5218   3.220639     2.5205   3.220719   2665.000  -47.01390  -47.06032  71.953802    34.8058    34.8082 0.0000e+00
      80450     2.5215   3.220654     2.5202   3.220747   2666.000  -47.01390  -47.06032  71.953808    34.8061    34.8084 0.0000e+00
      80465     2.5198   3.220524     2.5185   3.220641   2667.000  -47.01390  -47.06032  71.953816    34.8060    34.8088 0.0000e+00
      80483     2.5173   3.220320     2.5160   3.220427   2668.000  -47.01390  -47.06032  71.953824    34.8058    34.8085 0.0000e+00
      80504     2.5165   3.220315     2.5152   3.220388   2669.000  -47.01390  -47.06032  71.953835    34.8058    34.8081 0.0000e+00
      80528     2.5190   3.220662     2.5175   3.220729   2670.000  -47.01390  -47.06032  71.953846    34.8067    34.8089 0.0000e+00
      80551     2.5192   3.220712     2.5180   3.220837   2671.000  -47.01390  -47.06032  71.953857    34.8068    34.8097 0.0000e+00
      80577     2.5188   3.220723     2.5175   3.220837   2672.000  -47.01390  -47.06032  71.953870    34.8068    34.8096 0.0000e+00
      80699     2.5195   3.220810     2.5182   3.220904   2673.000  -47.01388  -47.06032  71.953928    34.8066    34.8091 0.0000e+00
      80710     2.5197   3.220898     2.5183   3.220966   2674.000  -47.01388  -47.06032  71.953934    34.8070    34.8093 0.0000e+00
      80724     2.5201   3.220984     2.5187   3.221047   2675.000  -47.01389  -47.06031  71.953940    34.8071    34.8093 0.0000e+00
      80736     2.5208   3.221112     2.5191   3.221144   2676.000  -47.01390  -47.06030  71.953946    34.8072    34.8095 0.0000e+00
      80748     2.5219   3.221280     2.5205   3.221320   2677.000  -47.01390  -47.06031  71.953952    34.8074    34.8095 0.0000e+00
      80761     2.5246   3.221588     2.5233   3.221635   2678.000  -47.01390  -47.06032  71.953958    34.8080    34.8098 0.0000e+00
      80775     2.5259   3.221802     2.5244   3.221812   2679.000  -47.01390  -47.06032  71.953965    34.8083    34.8101 0.0000e+00
      80791     2.5302   3.222281     2.5285   3.222283   2680.000  -47.01389  -47.06032  71.953973    34.8091    34.8109 0.0000e+00
      80836     2.5303   3.222287     2.5289   3.222355   2681.000  -47.01388  -47.06032  71.953995    34.8091    34.8114 0.0000e+00
      80934     2.5249   3.221820     2.5218   3.221647   2682.000  -47.01388  -47.06030  71.954042    34.8081    34.8095 0.0000e+00
      80947     2.5339   3.222837     2.5318   3.222750   2683.000  -47.01390  -47.06030  71.954048    34.8102    34.8109 0.0000e+00
      80961     2.5338   3.222684     2.5322   3.222830   2684.000  -47.01389  -47.06031  71.954055    34.8100    34.8132 0.0000e+00
      80974     2.5264   3.222032     2.5252   3.222204   2685.000  -47.01388  -47.06032  71.954061    34.8090    34.8125 0.0000e+00
      80987     2.5266   3.222207     2.5247   3.222193   2686.000  -47.01388  -47.06032  71.954067    34.8094    34.8114 0.0000e+00
      81003     2.5234   3.221728     2.5225   3.221988   2687.000  -47.01388  -47.06032  71.954075    34.8087    34.8126 0.0000e+00
      81041     2.5162   3.221152     2.5164   3.221431   2688.000  -47.01388  -47.06032  71.954093    34.8080    34.8111 0.0000e+00
      81092     2.5163   3.221085     2.5167   3.221472   2689.000  -47.01388  -47.06032  71.954118    34.8075    34.8116 0.0000e+00
      81109     2.5094   3.220564     2.5083   3.220724   2690.000  -47.01388  -47.06032  71.954126    34.8070    34.8103 0.0000e+00
      81126     2.5087   3.220497     2.5075   3.220653   2691.000  -47.01388  -47.06032  71.954134    34.8067    34.8098 0.0000e+00
      81157     2.5070   3.220369     2.5059   3.220505   2692.000  -47.01388  -47.06032  71.954149    34.8062    34.8090 0.0000e+00
      81221     2.5078   3.220441     2.5063   3.220554   2693.000  -47.01388 -9.990e-29  71.954180    34.8061    34.8090 0.0000e+00
      81238     2.5020   3.219931     2.5007   3.220062   2694.000  -47.01388 -9.990e-29  71.954188    34.8056    34.8085 0.0000e+00
      81253     2.4985   3.219609     2.4975   3.219804   2695.000  -47.01389 -9.990e-29  71.954196    34.8051    34.8085 0.0000e+00
      81269     2.4971   3.219528     2.4958   3.219677   2696.000  -47.01390 -9.990e-29  71.954203    34.8049    34.8081 0.0000e+00
      81286     2.4964   3.219504     2.4950   3.219618   2697.000  -47.01390 -9.990e-29  71.954211    34.8047    34.8076 0.0000e+00
      81306     2.4962   3.219505     2.4949   3.219631   2698.000  -47.01390  -47.06030  71.954221    34.8045    34.8073 0.0000e+00
      81339     2.4956   3.219496     2.4940   3.219579   2699.000  -47.01390  -47.06032  71.954237    34.8045    34.8073 0.0000e+00
      81409     2.4966   3.219593     2.4938   3.219610   2700.000  -47.01388  -47.06032  71.954271    34.8043    34.8072 0.0000e+00
      81438     2.4936   3.219415     2.4922   3.219510   2701.000  -47.01390  -47.06032  71.954285    34.8044    34.8071 0.0000e+00
      81464     2.4958   3.219714     2.4941   3.219762   2702.000  -47.01390  -47.06031  71.954297    34.8049    34.8073 0.0000e+00
      81488     2.4992   3.220081     2.4977   3.220140   2703.000  -47.01390  -47.06030  71.954309    34.8055    34.8078 0.0000e+00
      81509     2.5003   3.220272     2.4990   3.220319   2704.000  -47.01390  -47.06030  71.954319    34.8058    34.8079 0.0000e+00
      81526     2.5039   3.220720     2.5021   3.220703   2705.000  -47.01390  -47.06030  71.954327    34.8065    34.8081 0.0000e+00
      81541     2.5083   3.221206     2.5065   3.221195   2706.000  -47.01390  -47.06030  71.954335    34.8075    34.8092 0.0000e+00
      81558     2.5099   3.221429     2.5085   3.221474   2707.000  -47.01390  -47.06030  71.954343    34.8080    34.8101 0.0000e+00
      81578     2.5127   3.221778     2.5107   3.221784   2708.000  -47.01390  -47.06032  71.954352    34.8086    34.8107 0.0000e+00
      81648     2.5118   3.221641     2.5089   3.221589   2709.000  -47.01390  -47.06032  71.954386    34.8081    34.8104 0.0000e+00
      81692     2.5179   3.222565     2.5142   3.222256   2710.000  -47.01390  -47.06032  71.954407    34.8102    34.8111 0.0000e+00
      81712     2.5406   3.224978     2.5376   3.224763   2711.000  -47.01390  -47.06032  71.954417    34.8152    34.8144 0.0000e+00
      81732     2.5427   3.225171     2.5413   3.225191   2712.000  -47.01390  -47.06031  71.954426    34.8157    34.8173 0.0000e+00
      81753     2.5424   3.225162     2.5409   3.225206   2713.000  -47.01390  -47.06030  71.954437    34.8156    34.8177 0.0000e+00
      81775     2.5429   3.225275     2.5411   3.225280   2714.000  -47.01390  -47.06030  71.954447    34.8160    34.8179 0.0000e+00
      81795     2.5427   3.225273     2.5416   3.225365   2715.000  -47.01390  -47.06030  71.954457    34.8159    34.8181 0.0000e+00
      81814     2.5410   3.225095     2.5396   3.225198   2716.000  -47.01390  -47.06030  71.954466    34.8156    34.8182 0.0000e+00
      81860     2.5393   3.224983     2.5375   3.225022   2717.000  -47.01390  -47.06031  71.954488    34.8154    34.8178 0.0000e+00
      81913     2.5324   3.224059     2.5333   3.224572   2718.000  -47.01390 -9.990e-29  71.954514    34.8141    34.8185 0.0000e+00
      81929     2.5078   3.221786     2.5075   3.222157   2719.000  -47.01390 -9.990e-29  71.954522    34.8114    34.8169 0.0000e+00
      81945     2.5054   3.221673     2.5038   3.221792   2720.000  -47.01390 -9.990e-29  71.954529    34.8111    34.8143 0.0000e+00
      81961     2.5047   3.221624     2.5032   3.221764   2721.000  -47.01390 -9.990e-29  71.954537    34.8107    34.8140 0.0000e+00
      81981     2.5037   3.221550     2.5024   3.221684   2722.000  -47.01390 -9.990e-29  71.954547    34.8105    34.8136 0.0000e+00
      82019     2.5033   3.221560     2.5014   3.221612   2723.000  -47.01390 -9.990e-29  71.954565    34.8104    34.8130 0.0000e+00
      82051     2.5005   3.221326     2.4992   3.221434   2724.000  -47.01390 -9.990e-29  71.954580    34.8100    34.8127 0.0000e+00
      82074     2.5007   3.221399     2.4992   3.221496   2725.000  -47.01390 -9.990e-29  71.954591    34.8100    34.8129 0.0000e+00
      82117     2.5008   3.221428     2.4992   3.221524   2726.000  -47.01390  -47.06032  71.954612    34.8099    34.8127 0.0000e+00
      82165     2.5007   3.221467     2.4986   3.221514   2727.000  -47.01390  -47.06032  71.954636    34.8099    34.8125 0.0000e+00
      82185     2.5013   3.221623     2.5001   3.221717   2728.000  -47.01390  -47.06032  71.954645    34.8103    34.8129 0.0000e+00
      82203     2.5039   3.221917     2.5024   3.221980   2729.000  -47.01390  -47.06032  71.954654    34.8109    34.8130 0.0000e+00
      82221     2.4965   3.221030     2.4964   3.221394   2730.000  -47.01390  -47.06032  71.954662    34.8095    34.8137 0.0000e+00
      82243     2.4832   3.219872     2.4825   3.220082   2731.000  -47.01390  -47.06032  71.954673    34.8082    34.8116 0.0000e+00
      82272     2.4802   3.219662     2.4788   3.219787   2732.000  -47.01390  -47.06032  71.954687    34.8077    34.8108 0.0000e+00
      82299     2.4806   3.219743     2.4792   3.219856   2733.000  -47.01390  -47.06032  71.954700    34.8079    34.8107 0.0000e+00
      82320     2.4773   3.219440     2.4761   3.219599   2734.000  -47.01390  -47.06032  71.954710    34.8077    34.8108 0.0000e+00
      82341     2.4760   3.219409     2.4746   3.219538   2735.000  -47.01390  -47.06032  71.954720    34.8077    34.8108 0.0000e+00
      82366     2.4761   3.219458     2.4747   3.219572   2736.000  -47.01390  -47.06032  71.954732    34.8077    34.8106 0.0000e+00
      82420     2.4768   3.219570     2.4747   3.219627   2737.000  -47.01390  -47.06033  71.954759    34.8078    34.8108 0.0000e+00
      82488     2.4753   3.219487     2.4737   3.219592   2738.000  -47.01390  -47.06032  71.954791    34.8079    34.8108 0.0000e+00
      82509     2.4749   3.219507     2.4734   3.219601   2739.000  -47.01390  -47.06032  71.954801    34.8080    34.8107 0.0000e+00
      82526     2.4749   3.219568     2.4735   3.219674   2740.000  -47.01390 -9.990e-29  71.954809    34.8081    34.8109 0.0000e+00
      82540     2.4750   3.219607     2.4736   3.219711   2741.000  -47.01390 -9.990e-29  71.954816    34.8081    34.8108 0.0000e+00
      82552     2.4748   3.219638     2.4735   3.219710   2742.000  -47.01390 -9.990e-29  71.954822    34.8082    34.8105 0.0000e+00
      82565     2.4746   3.219653     2.4732   3.219751   2743.000  -47.01390 -9.990e-29  71.954828    34.8081    34.8107 0.0000e+00
      82578     2.4742   3.219663     2.4728   3.219784   2744.000  -47.01390 -9.990e-29  71.954834    34.8082    34.8111 0.0000e+00
      82595     2.4735   3.219628     2.4721   3.219734   2745.000  -47.01390  -47.06034  71.954843    34.8081    34.8109 0.0000e+00
      82688     2.4752   3.219810     2.4741   3.219941   2746.000  -47.01392  -47.06034  71.954888    34.8081    34.8107 0.0000e+00
      82715     2.4738   3.219726     2.4729   3.219914   2747.000  -47.01391  -47.06033  71.954901    34.8082    34.8114 0.0000e+00
      82729     2.4719   3.219622     2.4706   3.219744   2748.000  -47.01390  -47.06032  71.954907    34.8084    34.8113 0.0000e+00
      82744     2.4711   3.219599     2.4698   3.219700   2749.000  -47.01390  -47.06032  71.954915    34.8085    34.8110 0.0000e+00
      82765     2.4707   3.219604     2.4694   3.219724   2750.000  -47.01390  -47.06033  71.954925    34.8084    34.8113 0.0000e+00
      82805     2.4708   3.219635     2.4693   3.219732   2751.000  -47.01390  -47.06034  71.954944    34.8082    34.8109 0.0000e+00
      82840     2.4708   3.219717     2.4690   3.219757   2752.000  -47.01390  -47.06034  71.954961    34.8087    34.8112 0.0000e+00
      82863     2.4734   3.220236     2.4717   3.220172   2753.000  -47.01391  -47.06034  71.954972    34.8096    34.8109 0.0000e+00
      82885     2.4900   3.221841     2.4856   3.221530   2754.000  -47.01392  -47.06034  71.954983    34.8121    34.8134 0.0000e+00
      82910     2.4953   3.222372     2.4927   3.222365   2755.000  -47.01392  -47.06034  71.954995    34.8131    34.8150 0.0000e+00
      82939     2.4949   3.222431     2.4936   3.222478   2756.000  -47.01392  -47.06034  71.955009    34.8133    34.8156 0.0000e+00
      82970     2.4948   3.222423     2.4922   3.222391   2757.000  -47.01392  -47.06036  71.955024    34.8133    34.8154 0.0000e+00
      82996     2.4945   3.222412     2.4929   3.222485   2758.000  -47.01392  -47.06036  71.955036    34.8131    34.8158 0.0000e+00
      83019     2.4936   3.222404     2.4924   3.222485   2759.000  -47.01392  -47.06034  71.955047    34.8132    34.8153 0.0000e+00
      83043     2.5069   3.224075     2.5027   3.223700   2760.000  -47.01392  -47.06034  71.955059    34.8160    34.8163 0.0000e+00
      83079     2.5277   3.226010     2.5258   3.226067   2761.000  -47.01392  -47.06034  71.955076    34.8188    34.8214 0.0000e+00
      83129     2.5297   3.226351     2.5269   3.226259   2762.000  -47.01390  -47.06036  71.955100    34.8208    34.8226 0.0000e+00
      83158     2.5327   3.226721     2.5320   3.226806   2763.000  -47.01390  -47.06036  71.955114    34.8214    34.8234 0.0000e+00
      83180     2.5183   3.225050     2.5164   3.225293   2764.000  -47.01392  -47.06036  71.955125    34.8194    34.8240 0.0000e+00
      83198     2.5093   3.224381     2.5082   3.224541   2765.000  -47.01392  -47.06036  71.955133    34.8186    34.8219 0.0000e+00
      83214     2.5043   3.223828     2.5019   3.223952   2766.000  -47.01392  -47.06036  71.955141    34.8177    34.8214 0.0000e+00
      83231     2.4960   3.223029     2.4945   3.223207   2767.000  -47.01392  -47.06034  71.955149    34.8164    34.8201 0.0000e+00
      83250     2.4907   3.222601     2.4898   3.222771   2768.000  -47.01392  -47.06034  71.955159    34.8155    34.8186 0.0000e+00
