SBEDataProcessing_SAGA-CTD_example/tipo1/out1/st002.cnv
* Sea-Bird SBE 9 Data File:
* FileName = C:\Users\CTD01\Desktop\CTD_SAGA\ST002.hex
* Software Version Seasave V 7.26.7.121
* Temperature SN = 4669
* Conductivity SN = 3289
* Number of Bytes Per Scan = 37
* Number of Voltage Words = 4
* Number of Scans Averaged by the Deck Unit = 1
* NMEA Latitude = 46 30.40 S
* NMEA Longitude = 045 00.77 W
* NMEA UTC (Time) = Mar 13 2021 11:55:48
* NMEA baud rate = 9600
** Ship:Sarmiento de Gamboa
** Cruise:SAGA 10W
** Cast:  002
** Station:  002
** Depth:  5460
** Date:  13/03/2021
** Time:  11:55
# nquan = 12
# nvalues = 5343                        
# units = specified
# name 0 = scan: Scan Count
# name 1 = t090C: Temperature [ITS-90, deg C]
# name 2 = c0S/m: Conductivity [S/m]
# name 3 = t190C: Temperature, 2 [ITS-90, deg C]
# name 4 = c1S/m: Conductivity, 2 [S/m]
# name 5 = prDM: Pressure, Digiquartz [db]
# name 6 = latitude: Latitude [deg]
# name 7 = longitude: Longitude [deg]
# name 8 = timeJ: Julian Days
# name 9 = sal00: Salinity, Practical [PSU]
# name 10 = sal11: Salinity, Practical, 2 [PSU]
# name 11 = flag: flag
# span 0 =       1416,     153106       
# span 1 =     0.3163,    14.6477       
# span 2 =   3.093676,   4.204352       
# span 3 =     0.3152,    14.6465       
# span 4 =   3.093839,   4.204094       
# span 5 =      3.000,   5345.000       
# span 6 =  -46.50676,  -46.50666       
# span 7 =  -45.01296,  -45.01282       
# span 8 =  72.497766,  72.570919       
# span 9 =    34.1500,    34.8352       
# span 10 =    34.1539,    34.8377      
# span 11 = 0.0000e+00, 0.0000e+00      
# interval = decibars: 1                
# start_time = Mar 13 2021 11:55:48 [NMEA time, header]
# bad_flag = -9.990e-29
*END*
[from data line 602]
      21245     3.5513   3.175113     3.5499   3.175179    605.000  -46.50672  -45.01288  72.507328    34.1915    34.1939 0.0000e+00
      21271     3.5530   3.175335     3.5515   3.175408    606.000  -46.50672  -45.01288  72.507341    34.1920    34.1944 0.0000e+00
      21298     3.5540   3.175492     3.5526   3.175578    607.000  -46.50672  -45.01288  72.507354    34.1924    34.1948 0.0000e+00
      21327     3.5421   3.174396     3.5412   3.174603    608.000  -46.50672  -45.01288  72.507368    34.1923    34.1958 0.0000e+00
      21377     3.5376   3.174023     3.5354   3.174097    609.000  -46.50672  -45.01288  72.507392    34.1917    34.1948 0.0000e+00
      21451     3.5261   3.172975     3.5258   3.173293    610.000  -46.50672  -45.01288  72.507428    34.1916    34.1957 0.0000e+00
      21471     3.5188   3.172565     3.5175   3.172695    611.000  -46.50672  -45.01288  72.507437    34.1925    34.1955 0.0000e+00
      21486     3.5187   3.172592     3.5175   3.172733    612.000  -46.50672  -45.01288  72.507445    34.1928    34.1956 0.0000e+00
      21500     3.5164   3.172445     3.5152   3.172613    613.000  -46.50672  -45.01288  72.507451    34.1933    34.1962 0.0000e+00
      21512     3.5050   3.171368     3.5044   3.171754    614.000  -46.50672  -45.01288  72.507457    34.1933    34.1985 0.0000e+00
      21525     3.4977   3.170904     3.4965   3.171095    615.000  -46.50671  -45.01288  72.507463    34.1933    34.1971 0.0000e+00
      21537     3.4958   3.170700     3.4944   3.170925    616.000  -46.50670  -45.01288  72.507469    34.1930    34.1969 0.0000e+00
      21552     3.4902   3.170314     3.4890   3.170484    617.000  -46.50670  -45.01288  72.507476    34.1929    34.1965 0.0000e+00
      21578     3.4908   3.170429     3.4925   3.170794    618.000  -46.50670  -45.01288  72.507489    34.1930    34.1951 0.0000e+00
      21679     3.4995   3.171178     3.5116   3.172426    619.000  -46.50672  -45.01288  72.507537    34.1922    34.1948 0.0000e+00
      21701     3.4902   3.170481     3.4892   3.170634    620.000  -46.50672  -45.01288  72.507548    34.1927    34.1958 0.0000e+00
      21722     3.4901   3.170528     3.4890   3.170658    621.000  -46.50672  -45.01288  72.507558    34.1928    34.1956 0.0000e+00
      21743     3.4894   3.170492     3.4882   3.170615    622.000  -46.50672  -45.01288  72.507568    34.1926    34.1955 0.0000e+00
      21767     3.4863   3.170230     3.4850   3.170363    623.000  -46.50672  -45.01288  72.507580    34.1924    34.1954 0.0000e+00
      21797     3.4815   3.169847     3.4803   3.169987    624.000  -46.50672  -45.01288  72.507595    34.1925    34.1954 0.0000e+00
      21826     3.4737   3.169228     3.4725   3.169392    625.000  -46.50670  -45.01288  72.507609    34.1931    34.1961 0.0000e+00
      21850     3.4653   3.168557     3.4642   3.168744    626.000  -46.50670  -45.01288  72.507620    34.1934    34.1969 0.0000e+00
      21875     3.4574   3.167880     3.4562   3.168084    627.000  -46.50670  -45.01288  72.507632    34.1934    34.1971 0.0000e+00
      21911     3.4464   3.167006     3.4452   3.167171    628.000  -46.50670  -45.01288  72.507649    34.1935    34.1968 0.0000e+00
      21944     3.4401   3.166552     3.4387   3.166686    629.000  -46.50670  -45.01288  72.507665    34.1940    34.1971 0.0000e+00
      21964     3.4406   3.166769     3.4393   3.166863    630.000  -46.50670  -45.01288  72.507675    34.1951    34.1977 0.0000e+00
      21980     3.4415   3.166917     3.4402   3.167009    631.000  -46.50670  -45.01288  72.507683    34.1953    34.1979 0.0000e+00
      21995     3.4429   3.167135     3.4417   3.167215    632.000  -46.50670  -45.01288  72.507690    34.1957    34.1979 0.0000e+00
      22011     3.4440   3.167268     3.4426   3.167356    633.000  -46.50670  -45.01288  72.507698    34.1957    34.1982 0.0000e+00
      22036     3.4438   3.167295     3.4424   3.167397    634.000  -46.50671  -45.01288  72.507710    34.1958    34.1985 0.0000e+00
      22091     3.4401   3.167032     3.4387   3.167130    635.000  -46.50671  -45.01288  72.507736    34.1960    34.1986 0.0000e+00
      22173     3.4314   3.166176     3.4348   3.166723    636.000  -46.50670  -45.01288  72.507776    34.1950    34.1979 0.0000e+00
      22204     3.4146   3.164678     3.4135   3.164874    637.000  -46.50670  -45.01288  72.507791    34.1944    34.1980 0.0000e+00
      22223     3.4127   3.164632     3.4113   3.164731    638.000  -46.50670  -45.01288  72.507800    34.1944    34.1973 0.0000e+00
      22238     3.4144   3.164849     3.4127   3.164910    639.000  -46.50670  -45.01288  72.507807    34.1945    34.1970 0.0000e+00
      22251     3.4167   3.165162     3.4150   3.165180    640.000  -46.50670  -45.01288  72.507813    34.1949    34.1970 0.0000e+00
      22263     3.4212   3.165736     3.4197   3.165697    641.000  -46.50670  -45.01288  72.507819    34.1959    34.1972 0.0000e+00
      22276     3.4245   3.166109     3.4230   3.166127    642.000  -46.50670  -45.01288  72.507825    34.1969    34.1986 0.0000e+00
      22288     3.4245   3.166156     3.4232   3.166244    643.000  -46.50670  -45.01288  72.507831    34.1974    34.1998 0.0000e+00
      22302     3.4227   3.166095     3.4215   3.166197    644.000  -46.50670  -45.01288  72.507838    34.1981    34.2006 0.0000e+00
      22366     3.4213   3.165922     3.4199   3.166035    645.000  -46.50670  -45.01288  72.507869    34.1968    34.1997 0.0000e+00
      22434     3.4213   3.165970     3.4199   3.166079    646.000  -46.50670  -45.01288  72.507902    34.1968    34.1997 0.0000e+00
      22455     3.4166   3.165719     3.4155   3.165855    647.000  -46.50670  -45.01288  72.507912    34.1987    34.2013 0.0000e+00
      22475     3.4072   3.164919     3.4065   3.165147    648.000  -46.50670  -45.01286  72.507921    34.1992    34.2026 0.0000e+00
      22496     3.4021   3.164597     3.4007   3.164720    649.000  -46.50670  -45.01286  72.507932    34.1994    34.2024 0.0000e+00
      22516     3.3992   3.164381     3.3980   3.164534    650.000  -46.50670  -45.01286  72.507941    34.1996    34.2026 0.0000e+00
      22535     3.3918   3.163739     3.3910   3.163959    651.000  -46.50670  -45.01286  72.507950    34.1997    34.2032 0.0000e+00
      22554     3.3855   3.163279     3.3843   3.163462    652.000  -46.50670  -45.01287  72.507960    34.2000    34.2035 0.0000e+00
      22584     3.3828   3.163156     3.3812   3.163229    653.000  -46.50670  -45.01288  72.507974    34.2000    34.2030 0.0000e+00
      22672     3.3873   3.163494     3.3856   3.163597    654.000  -46.50670  -45.01288  72.508016    34.1994    34.2021 0.0000e+00
      22691     3.3793   3.162921     3.3782   3.163055    655.000  -46.50670  -45.01286  72.508026    34.2002    34.2030 0.0000e+00
      22709     3.3769   3.162757     3.3760   3.162913    656.000  -46.50670  -45.01286  72.508034    34.2001    34.2030 0.0000e+00
      22726     3.3726   3.162358     3.3721   3.162591    657.000  -46.50670  -45.01286  72.508042    34.2000    34.2033 0.0000e+00
      22744     3.3671   3.161972     3.3657   3.162093    658.000  -46.50670  -45.01286  72.508051    34.1999    34.2030 0.0000e+00
      22765     3.3616   3.161381     3.3609   3.161617    659.000  -46.50670  -45.01286  72.508061    34.1992    34.2026 0.0000e+00
      22790     3.3508   3.160444     3.3509   3.160733    660.000  -46.50670  -45.01286  72.508073    34.1984    34.2019 0.0000e+00
      22815     3.3464   3.160106     3.3454   3.160285    661.000  -46.50670  -45.01286  72.508086    34.1983    34.2015 0.0000e+00
      22839     3.3391   3.159665     3.3379   3.159811    662.000  -46.50669  -45.01287  72.508097    34.2001    34.2031 0.0000e+00
      22862     3.3423   3.160187     3.3408   3.160244    663.000  -46.50668  -45.01288  72.508108    34.2014    34.2037 0.0000e+00
      22893     3.3423   3.160229     3.3409   3.160339    664.000  -46.50669  -45.01288  72.508123    34.2018    34.2047 0.0000e+00
      22948     3.3414   3.160241     3.3400   3.160325    665.000  -46.50670  -45.01288  72.508150    34.2022    34.2047 0.0000e+00
      22990     3.3399   3.160168     3.3386   3.160277    666.000  -46.50670  -45.01288  72.508170    34.2024    34.2051 0.0000e+00
      23015     3.3381   3.160071     3.3369   3.160182    667.000  -46.50670  -45.01288  72.508182    34.2026    34.2051 0.0000e+00
      23036     3.3337   3.159713     3.3326   3.159873    668.000  -46.50670  -45.01288  72.508192    34.2029    34.2059 0.0000e+00
      23057     3.3269   3.159163     3.3257   3.159338    669.000  -46.50670  -45.01288  72.508202    34.2032    34.2065 0.0000e+00
      23084     3.3194   3.158632     3.3181   3.158768    670.000  -46.50669  -45.01288  72.508215    34.2038    34.2068 0.0000e+00
      23121     3.3170   3.158499     3.3156   3.158603    671.000  -46.50668  -45.01288  72.508233    34.2039    34.2066 0.0000e+00
      23149     3.3169   3.158548     3.3154   3.158645    672.000  -46.50668  -45.01288  72.508246    34.2039    34.2066 0.0000e+00
      23169     3.3170   3.158610     3.3157   3.158703    673.000  -46.50668  -45.01288  72.508256    34.2039    34.2065 0.0000e+00
      23188     3.3170   3.158649     3.3157   3.158743    674.000  -46.50670  -45.01288  72.508265    34.2039    34.2063 0.0000e+00
      23207     3.3161   3.158624     3.3148   3.158715    675.000  -46.50670  -45.01288  72.508274    34.2040    34.2064 0.0000e+00
      23228     3.3160   3.158657     3.3146   3.158745    676.000  -46.50670  -45.01288  72.508285    34.2038    34.2064 0.0000e+00
      23252     3.3146   3.158565     3.3133   3.158676    677.000  -46.50670  -45.01288  72.508296    34.2040    34.2067 0.0000e+00
      23276     3.3097   3.158233     3.3086   3.158369    678.000  -46.50670  -45.01288  72.508308    34.2047    34.2074 0.0000e+00
      23302     3.3054   3.157961     3.3042   3.158080    679.000  -46.50670  -45.01288  72.508321    34.2053    34.2080 0.0000e+00
      23369     3.3066   3.158073     3.3049   3.158179    680.000  -46.50670  -45.01288  72.508353    34.2049    34.2079 0.0000e+00
      23425     3.2978   3.157465     3.2967   3.157594    681.000  -46.50670  -45.01288  72.508380    34.2064    34.2092 0.0000e+00
      23447     3.2913   3.156972     3.2903   3.157142    682.000  -46.50670  -45.01288  72.508390    34.2071    34.2103 0.0000e+00
      23466     3.2868   3.156683     3.2855   3.156815    683.000  -46.50670  -45.01289  72.508400    34.2077    34.2106 0.0000e+00
      23485     3.2838   3.156503     3.2827   3.156653    684.000  -46.50670  -45.01290  72.508409    34.2082    34.2112 0.0000e+00
      23504     3.2796   3.156216     3.2785   3.156373    685.000  -46.50670  -45.01290  72.508418    34.2087    34.2117 0.0000e+00
      23523     3.2780   3.156144     3.2767   3.156267    686.000  -46.50670  -45.01290  72.508427    34.2087    34.2115 0.0000e+00
      23542     3.2773   3.156167     3.2760   3.156267    687.000  -46.50670  -45.01290  72.508436    34.2089    34.2116 0.0000e+00
      23561     3.2783   3.156313     3.2769   3.156413    688.000  -46.50670  -45.01289  72.508445    34.2092    34.2117 0.0000e+00
      23580     3.2738   3.155947     3.2728   3.156136    689.000  -46.50670  -45.01288  72.508454    34.2096    34.2130 0.0000e+00
      23599     3.2711   3.156018     3.2692   3.156010    690.000  -46.50670  -45.01288  72.508463    34.2115    34.2138 0.0000e+00
      23638     3.2800   3.156962     3.2787   3.157026    691.000  -46.50670  -45.01290  72.508483    34.2129    34.2146 0.0000e+00
      23727     3.2783   3.156802     3.2759   3.156706    692.000  -46.50672  -45.01290  72.508526    34.2117    34.2134 0.0000e+00
      23752     3.2872   3.157849     3.2859   3.157902    693.000  -46.50672  -45.01290  72.508537    34.2151    34.2168 0.0000e+00
      23774     3.2824   3.157442     3.2821   3.157641    694.000  -46.50672  -45.01290  72.508548    34.2152    34.2178 0.0000e+00
      23793     3.2803   3.157354     3.2794   3.157518    695.000  -46.50672  -45.01290  72.508557    34.2159    34.2185 0.0000e+00
      23811     3.2741   3.156776     3.2734   3.157010    696.000 -9.990e-29  -45.01292  72.508566    34.2156    34.2192 0.0000e+00
      23830     3.2645   3.155949     3.2632   3.156117    697.000 -9.990e-29  -45.01292  72.508575    34.2151    34.2185 0.0000e+00
      23852     3.2646   3.156149     3.2630   3.156216    698.000 -9.990e-29  -45.01291  72.508585    34.2159    34.2182 0.0000e+00
      23877     3.2603   3.155746     3.2588   3.155856    699.000 -9.990e-29  -45.01290  72.508598    34.2160    34.2189 0.0000e+00
      23904     3.2487   3.154724     3.2482   3.154948    700.000  -46.50670  -45.01290  72.508611    34.2157    34.2191 0.0000e+00
      23931     3.2453   3.154600     3.2440   3.154697    701.000  -46.50670 -9.990e-29  72.508624    34.2165    34.2192 0.0000e+00
      23962     3.2456   3.154677     3.2441   3.154758    702.000  -46.50671 -9.990e-29  72.508639    34.2165    34.2190 0.0000e+00
      24014     3.2454   3.154710     3.2441   3.154818    703.000  -46.50672  -45.01292  72.508664    34.2164    34.2191 0.0000e+00
      24047     3.2450   3.154739     3.2437   3.154836    704.000  -46.50672  -45.01292  72.508680    34.2166    34.2191 0.0000e+00
      24066     3.2449   3.154795     3.2436   3.154871    705.000  -46.50672  -45.01292  72.508689    34.2167    34.2191 0.0000e+00
      24081     3.2450   3.154861     3.2437   3.154935    706.000  -46.50672  -45.01292  72.508696    34.2168    34.2191 0.0000e+00
      24095     3.2438   3.154851     3.2427   3.154951    707.000  -46.50672  -45.01292  72.508703    34.2177    34.2201 0.0000e+00
      24112     3.2416   3.154713     3.2404   3.154833    708.000  -46.50672 -9.990e-29  72.508711    34.2180    34.2206 0.0000e+00
      24137     3.2397   3.154623     3.2385   3.154718    709.000  -46.50672 -9.990e-29  72.508723    34.2181    34.2206 0.0000e+00
      24184     3.2391   3.154618     3.2377   3.154696    710.000  -46.50672 -9.990e-29  72.508746    34.2181    34.2205 0.0000e+00
      24231     3.2390   3.154661     3.2375   3.154728    711.000  -46.50672 -9.990e-29  72.508768    34.2181    34.2205 0.0000e+00
      24284     3.2385   3.154683     3.2372   3.154765    712.000  -46.50672 -9.990e-29  72.508794    34.2183    34.2207 0.0000e+00
      24305     3.2381   3.154768     3.2367   3.154844    713.000  -46.50672 -9.990e-29  72.508804    34.2192    34.2216 0.0000e+00
      24321     3.2359   3.154648     3.2348   3.154783    714.000  -46.50672 -9.990e-29  72.508812    34.2201    34.2227 0.0000e+00
      24334     3.2322   3.154418     3.2310   3.154563    715.000  -46.50672 -9.990e-29  72.508818    34.2207    34.2237 0.0000e+00
      24347     3.2281   3.154179     3.2269   3.154300    716.000  -46.50672 -9.990e-29  72.508824    34.2214    34.2242 0.0000e+00
      24363     3.2257   3.154059     3.2245   3.154175    717.000  -46.50672 -9.990e-29  72.508832    34.2221    34.2248 0.0000e+00
      24401     3.2292   3.154355     3.2235   3.154141    718.000  -46.50672  -45.01290  72.508850    34.2211    34.2246 0.0000e+00
      24439     3.2236   3.154056     3.2225   3.154164    719.000  -46.50672  -45.01290  72.508868    34.2231    34.2255 0.0000e+00
      24469     3.2218   3.153965     3.2202   3.154025    720.000  -46.50672  -45.01290  72.508883    34.2233    34.2256 0.0000e+00
      24533     3.2205   3.153808     3.2196   3.153964    721.000  -46.50672  -45.01290  72.508914    34.2227    34.2255 0.0000e+00
      24562     3.2145   3.153467     3.2129   3.153507    722.000  -46.50672  -45.01290  72.508928    34.2236    34.2258 0.0000e+00
      24578     3.2163   3.153750     3.2149   3.153796    723.000  -46.50672  -45.01290  72.508936    34.2245    34.2266 0.0000e+00
